14401
11877
15488
15208
11947
15334
11741
11706
14797
11631
11702
11551
11686
11657
18980
14953
12914
14381
11451
14812
15358
12483
11401
11536
14893
11476
11616
11732
11561
11611
13084
15789
11572
11491
11656
15103
14612
11556
12699
14937
11476
11651
16280
11677
15078
14462
11581
11647
14732
11596
13189
11621
15263
15339
15208
11581
11571
12819
11551
14803
11692
11647
11626
15203
11682
13335
11701
11682
15143
13049
15128
16340
15133
11636
11611
15198
14903
11616
11671
11666
12758
14868
15003
11596
14837
14807
12944
14882
11651
11611
11652
13029
15649
11426
11586
11696
15569
14812
15123
11631
11536
11566
11707
11606
11561
11637
11506
15048
11616
11686
11717
11020
11616
15734
15434
11676
15143
13069
11551
16205
15639
13009
11601
11777
11416
11717
11496
14977
12718
12698
12868
11617
11656
14937
11601
11611
11506
11681
12734
14607
15333
14602
11611
11531
14647
11506
10945
11847
14051
14497
11691
11576
15168
15799
12769
15023
15168
14998
14787
14672
12824
11656
11616
14762
14647
15193
11601
16080
14511
12173
11587
11652
15318
11591
15023
12027
14802
15393
16305
14993
14607
11647
13089
12929
12944
14547
12909
15759
12884
11676
11466
12939
11622
15138
13039
12669
11576
11622
11617
11566
14978
15203
10610
14953
12588
11586
11622
12994
11601
11506
13019
11721
11656
14612
11581
11792
11591
15108
12783
14987
14582
11496
13104
13314
17823
11602
11526
11561
14532
14873
15033
11541
14597
12799
13029
12879
12964
12834
11566
15017
15008
11606
11656
11576
11571
14532
11626
13315
13054
11446
11546
11777
12848
11752
12914
15263
11642
11572
12984
12799
13049
11632
11201
12909
11717
15123
11621
14467
15193
11591
12884
11647
12949
11752
11296
15143
15238
15118
15093
11651
11576
11481
11631
12929
11446
11025
11576
11296
14777
15038
14837
12989
15704
15118
11666
12789
11631
11551
14607
11676
11666
14506
14877
11456
12924
13119
12833
12964
15033
11611
11561
11611
11581
12904
11641
11626
11616
11376
15173
14933
12828
15679
11651
13315
11536
14507
14717
14707
11647
11496
11612
11511
14517
11631
11702
15183
11817
12959
14612
14807
11531
14942
11581
11582
11622
11521
13890
14482
12864
12744
12929
13655
12824
12753
15238
11661
11617
11661
11711
14963
14822
11461
11626
11511
11596
15314
13139
11616
11656
11561
15138
12618
11551
13044
14682
12799
18184
11596
11677
11601
11106
12969
11616
11621
14747
15789
15073
11616
15368
11501
11501
11662
11747
15068
13094
15173
11581
11546
11496
11496
11626
11531
11516
14557
13385
11436
11681
14557
12909
11541
11596
11196
11651
14792
15153
11461
11576
11666
11661
14817
11551
11671
15053
13440
17072
11581
11566
12508
14527
14482
12964
15303
14772
14532
12919
15038
15263
11211
13555
13029
15373
12663
14662
14988
12883
15118
11676
15544
15043
11641
14822
14787
14807
12884
11747
11526
11601
12854
14817
12979
14512
15118
15353
11501
14817
11576
11561
11667
15033
12844
15238
15178
16255
13004
14687
12779
11632
13439
11702
12753
14512
11691
12944
11696
11596
11581
11682
12999
14737
11591
13039
15063
11571
11526
12939
15223
13099
14422
14617
11582
11576
15018
11631
11481
11641
13595
12483
12448
12613
12513
13826
12593
16185
16255
16095
20633
17427
16325
16110
16045
20548
25352
16110
16260
20313
17322
21570
17878
13981
14011
14602
12598
13861
20553
12583
12633
12719
12383
12508
12398
13715
12573
12658
12578
12157
12393
12568
12583
14672
12633
15609
13986
12548
12703
12468
13385
13289
13445
13209
14376
13420
14567
13325
13645
14983
13335
13450
13370
14928
13515
13500
14978
13901
13465
13545
13450
13209
13304
13435
13460
14797
15719
13620
13360
13445
13455
13500
15509
15679
14527
13395
14752
13440
15864
13420
13445
13350
13480
16931
15619
13314
13294
14682
13490
14787
15589
13385
13615
13790
13480
13425
13675
16285
16661
13520
13440
13570
14902
13470
14858
13650
16530
16976
16671
14712
16946
13525
13555
16405
16641
15804
13430
13184
13470
13385
13230
13390
14597
13570
17758
16280
16671
17066
16676
15974
13585
14822
14867
18138
13635
13550
13485
13710
14727
13575
14652
13395
13174
17507
13565
13485
13480
13751
13510
14597
13480
13455
14898
14842
13425
13450
13650
15779
14862
13585
13345
13530
13415
13545
13986
13425
14802
14827
14773
17031
13425
13710
17237
13465
13425
14732
14773
13445
13896
13450
13340
14446
16906
17197
13685
13585
13505
13434
17903
14827
15789
16646
16931
16646
16591
18188
13485
14887
16516
17147
13325
14948
14778
15854
15078
13495
15543
13425
13760
14973
13525
13515
13345
13445
13330
15679
18163
14898
13525
14797
13550
13555
14873
17081
13535
13545
13530
13565
13434
13510
14857
15799
15178
16585
16716
14667
17077
16896
14602
14717
15704
14793
14892
15754
14742
13359
16165
13490
13475
14898
15028
17457
16986
14542
13625
13490
13515
15088
17166
16846
17272
16976
13430
13530
14848
14427
13590
16110
13560
14888
14872
16751
13485
13440
13245
13325
13720
14898
16310
15874
14712
14822
13460
16941
13545
13555
15153
14832
14817
13490
13364
13415
13390
13560
13440
13390
13460
13515
13384
13505
13440
13550
13455
13385
13570
15233
16896
17452
16540
13275
13685
13605
15644
16956
13235
13294
14702
14642
14857
14877
16580
13375
14747
15944
16866
16285
14772
16931
13520
13550
13430
18024
13354
14832
13500
13309
13610
13319
14812
13410
13520
15734
16711
15709
14797
13465
13570
13460
13550
17086
13425
13440
13424
15564
17096
13755
13465
14712
13420
13405
13375
15829
14717
13415
13485
13405
13595
13429
13520
14707
15303
17502
15539
14772
14562
13435
13505
13415
13274
16946
16611
13369
13269
13405
16731
15013
13510
13505
13329
17206
16631
17136
16696
16841
16611
16496
17177
13470
14812
14522
13209
20728
16471
13365
13640
13480
13690
14632
16976
15148
14787
15488
15934
13445
15824
13700
15368
13610
14838
15594
18053
13810
16967
16751
15679
14807
16520
16530
16756
13370
14987
13385
16846
13510
15083
17002
13610
13425
13595
13485
13490
14797
17793
16515
17011
14702
14832
13765
13580
14517
13485
13224
13650
13350
14802
13475
13520
13399
16826
13555
13781
13475
13390
13424
13620
13525
13540
14767
13480
14742
16826
14802
14762
15654
16991
15739
15533
14737
14421
16936
13650
13390
13510
14587
14747
