16561
15955
12964
14091
14161
14827
14076
12783
12693
15379
12538
12543
12773
12684
12783
15689
12528
12899
16731
14006
12538
12809
15794
15914
15694
14131
13820
16616
16486
16245
15754
15784
12678
12718
12573
12558
12714
12593
12658
12638
12688
13926
15544
12834
13851
18038
19717
16555
20187
14156
15839
12533
16054
16285
15824
15364
16325
12578
13856
13850
12598
12934
12528
12909
13940
12784
12879
15994
16681
16510
14627
12683
14046
14101
13936
15433
12838
12813
12628
12969
12553
12959
12758
12553
13906
14141
14156
14366
16556
16380
16375
16240
14086
15609
16090
15704
12568
12568
12633
13850
12618
12478
14036
15949
15925
14201
17036
16140
16510
16405
12803
12823
15439
12658
12503
12708
12678
12553
13800
12884
12623
12723
12959
15829
16019
15859
12798
13956
15443
15889
16240
15709
12678
12904
12904
12598
12573
14938
12578
12669
13886
13725
14216
12784
14011
13830
15534
12758
12593
12829
13870
15980
15514
15644
15589
15398
15529
16210
16210
16460
16019
12413
13746
16405
12698
12568
12568
12688
15889
13745
13971
14036
16180
13540
13765
14131
13164
16275
15609
16124
13810
13805
16325
16335
15549
13986
15999
16295
15959
16250
16130
12573
12829
16275
16856
12623
15584
15739
15238
15664
16275
12613
16005
13620
12638
12853
13800
15819
12638
12658
16425
16180
18178
15879
18219
16105
16125
16756
16080
16806
16000
16646
16320
19927
12748
12773
12678
16931
16049
16165
12728
12634
14031
15584
16370
15985
15439
15864
14046
12618
12949
18659
16285
15809
12583
14066
12633
12769
12563
13815
14021
12844
12879
12198
12743
12799
12633
16065
15513
12654
13986
12859
12623
12919
15964
13635
13966
13790
16175
16125
12638
12819
12914
13866
12458
12639
12593
13906
13940
15959
14426
13680
15769
15514
12628
12598
13841
15924
16245
14066
15644
13881
14141
15890
13530
13905
15864
12568
12663
12638
12638
12673
12929
13961
12739
12583
12769
12919
15714
15208
16295
15985
16230
15554
16045
13705
13780
13816
15654
13916
14021
14562
15669
17116
13950
13911
14006
15023
16180
12643
12739
13775
14031
12543
12688
12819
12803
12714
12814
12673
12623
12703
12844
12698
15664
16080
15679
12593
12834
13690
12738
12904
12638
12819
13675
13595
12879
13590
16736
12734
12573
15904
12713
12984
12608
12573
12879
13715
15008
12643
12793
14051
15629
15439
16135
15724
15739
16140
16300
15564
17217
15749
15779
16290
13891
16115
12688
12698
13900
15854
13766
13810
15709
12603
12843
13665
12663
12843
13635
14086
15724
16210
13936
14011
16170
16390
14106
16230
16861
16561
16275
12849
16240
12704
14026
15674
16175
14021
13785
14091
14056
13780
13595
13936
15714
13580
12874
12718
12663
15538
16265
15924
12834
12833
12829
14011
14196
13906
13731
16230
12738
12703
12849
16866
15629
16130
15533
14016
12503
13665
15213
12373
13986
16320
16375
15664
13895
12974
12728
14001
15769
12904
12838
15394
15999
15634
16005
16020
13875
12568
15854
12824
12833
16155
13600
13810
12503
13956
12408
12814
16124
16230
16119
17127
15469
15844
12658
12959
15604
15684
12728
12748
12828
12568
12648
12748
12799
12734
13815
15764
17107
15744
15634
15649
14011
15995
13881
13786
14357
15589
13961
19431
14021
15614
16260
16155
16100
13826
15539
19816
13735
16210
15654
15554
13850
12588
12699
16210
16090
16175
16220
16004
15774
14021
15609
15829
12478
12738
12773
12783
12694
13796
15599
15554
16871
15969
12518
12779
15318
14562
14041
16085
14111
12798
12498
12683
15654
12633
15944
16210
15884
16160
14001
16230
16215
15619
13851
12578
16120
12869
15624
14111
13735
15358
15594
15679
15393
15614
12778
12744
12588
12308
14176
13821
15439
12723
12643
12623
14001
14186
15724
15639
12598
13851
16425
15664
16295
16010
16070
15884
14186
14056
14061
16165
17512
16295
13785
15373
14046
12889
12864
16065
15469
13815
15839
13775
16190
17192
16090
13825
16751
13875
14146
16495
12773
16721
15689
15659
13810
16320
12708
12623
12573
15664
12388
12834
16245
15879
15564
13695
13860
13866
15694
15479
13770
16696
13821
14116
16726
15909
16005
12568
12763
12563
12653
12894
16145
12458
12889
13931
12598
12609
13034
12453
16049
15554
13911
16190
14196
12543
12773
12648
12628
12448
12558
12633
12222
12383
14096
12553
13715
13810
15614
13705
13900
12253
12728
15573
15834
15969
12733
12799
12693
12678
16160
13801
13846
12683
12838
12278
13019
12533
12698
12909
15428
11952
13821
12778
12598
12653
12719
12984
15439
12633
12628
12824
16110
15779
12558
13855
15729
16225
13891
13750
16225
12778
12723
14001
15554
12824
17382
17562
15734
13986
15549
12653
12949
12758
12778
14236
15604
15769
15599
15689
16050
16205
13755
14006
14161
14402
13936
13871
12593
15499
16195
16485
12863
12884
12573
12638
12578
12473
12618
12723
12503
12498
12057
12864
12753
14001
13901
12603
13780
13971
13846
13916
14557
16150
15654
12749
12823
12889
13876
13876
13825
14001
12493
12748
12764
12618
12543
15343
15834
13690
14001
16135
13946
13765
12568
14151
16160
15979
13880
12533
12919
15554
16270
18419
12588
14081
15624
15749
16756
13865
15669
13911
13795
13801
12879
13845
12848
12904
15579
15338
13761
14121
13920
13956
16240
16240
15809
13800
13966
13936
12468
12919
12608
12754
12819
16120
17097
13786
12839
13605
16270
15964
15929
16014
15789
14261
15939
19501
15925
16180
12869
12854
12703
12834
13946
14081
15729
12814
12769
12673
15759
15739
12919
13655
15749
15434
13390
15188
15794
16290
13640
14076
12573
12583
12854
12984
13845
16245
16039
15954
12608
13665
15954
15694
13760
15769
16010
14016
12573
12869
12698
13926
13830
16009
12759
12874
15659
12463
12979
15538
12773
12799
15970
16320
15524
15779
17006
12608
12813
12648
14051
15619
15469
12593
12899
12553
12553
12653
12583
12879
13695
13675
16460
13806
12408
12899
12653
12543
13846
14126
12523
12763
15699
14096
12603
12513
13941
12578
16020
11391
13876
12413
12733
15193
18409
16160
16320
12573
12593
15819
16225
15894
15744
13971
14216
16145
15779
15464
16245
15944
13850
14096
14081
15754
13770
14126
15964
15829
13886
13866
16395
16220
16340
12644
12763
14051
14046
13851
13931
15484
15599
15779
17001
15674
12794
12834
12488
16010
12508
12949
16225
12824
12864
16009
15563
12689
