3777
2860
2124
1783
1818
1803
1653
1638
1643
1638
2194
1643
1648
1648
2820
1663
1643
1673
1663
2775
1663
1647
1663
2855
1637
1628
1618
1638
1633
1598
1628
1593
1603
1628
1618
1617
1668
1607
1633
1603
1613
1633
1623
1633
1623
1633
1643
2765
1643
1618
1648
2439
1688
2800
1668
1663
2780
1658
2760
1668
1653
1648
1658
2780
1658
2760
1648
1663
1648
1668
1628
2740
2770
2795
2765
1628
1643
1623
1643
3727
1648
1638
1638
1668
1618
1608
2795
1638
1648
2830
1638
1658
1623
1627
2805
1648
2830
1648
1663
2835
1628
2800
1653
2810
2770
2775
2790
2134
2775
2189
1683
1643
1643
1638
1643
1628
1628
1633
1633
1623
1618
1643
1648
1623
1638
1663
1632
1618
1643
1643
2800
2780
1638
1633
1612
2810
1653
1668
1633
1643
1653
1648
1633
2770
1643
1638
1628
1663
1608
1638
2795
1663
1638
2790
1618
1603
1623
1623
1633
1633
1627
2725
1633
1618
1628
1683
1648
2745
1638
2750
1652
1663
1643
1628
1618
1638
1633
1653
1628
1623
1633
1593
1638
1633
1638
1638
1638
1658
1623
1658
1633
1628
1637
1638
1678
2770
1653
1643
1643
2294
3922
1638
1648
1618
1628
1648
1628
1648
2755
2780
1638
1633
1663
1663
1638
1643
1618
2775
1653
2329
2705
1648
1658
1653
2850
2530
2840
1658
1653
2389
2465
1638
1678
1658
1668
2815
1663
1658
1668
2830
2670
1678
1688
2815
1643
1648
1638
2334
2805
1643
1653
1647
2820
1628
1668
1693
1623
1658
1633
1653
2810
1653
1688
1653
1663
1673
2800
1653
1643
1653
2820
1633
2820
1678
1632
1658
1627
1608
1628
1668
1633
1658
1628
1663
1668
1628
1648
2665
1623
1638
2820
1648
1633
1673
1653
1647
1653
1658
1648
1653
1623
1628
1648
1638
1643
1618
1628
1643
1638
1628
1628
1628
2174
1678
1648
1643
1658
1638
1653
1643
1653
2810
1663
1658
1633
1633
1648
1663
1638
2379
1658
1638
1663
1633
1638
1638
1638
1628
1648
1643
1643
1658
1628
1633
1638
1643
1653
1638
1688
1647
1658
1658
1663
1663
1668
1663
1653
1648
1648
1643
1632
1653
1653
1638
1643
1648
1673
1652
1648
1653
1648
2073
1673
1673
2825
1638
1623
1643
1653
1653
1653
1638
1983
1663
1643
1658
1643
2820
1663
1653
1658
1638
1627
1658
1668
1643
1663
1638
1633
1663
1643
1658
1667
1647
1643
1663
1653
1648
2815
1653
1598
2825
1627
1658
2820
1653
1638
1673
1643
1643
1638
1658
1653
2850
1628
1653
1648
1658
1648
1663
1652
1673
1633
1658
1653
1638
1648
2123
1643
1638
1648
1638
1663
1668
1828
1648
1648
1648
1643
1673
1673
1643
1648
2219
1663
1618
1688
1668
2124
1633
1643
2835
1658
1633
1633
1638
1643
2810
1643
1638
2073
1658
1683
2810
1643
1653
1643
1743
1643
1643
1663
1617
1653
1643
1618
1633
1643
1623
1658
1647
1643
1718
1643
1648
1658
1632
1643
1643
1658
1623
1647
1628
1648
1618
1648
1643
1643
1648
1638
1658
1663
1623
1648
1658
1668
1663
1653
1653
2800
1653
1658
1633
1643
1638
1668
1643
1648
1663
1663
1673
1643
1658
1658
1668
1632
1673
2069
1638
1633
1643
1673
1678
1668
1668
1643
1668
1673
1638
1643
1648
1653
1668
2800
1648
1653
2815
1673
1633
1653
1648
1658
1648
1653
1643
1632
1643
1663
1653
1638
1643
1638
1643
1628
1628
1643
1658
1643
1663
1633
1628
1653
1653
1638
1658
1652
1658
2790
1652
1648
1643
1627
1693
1658
2820
1643
1627
1653
1658
1643
1668
1643
1633
1652
1688
1623
1632
1943
1658
1658
2519
1633
1633
1648
1638
1663
1648
1658
1623
1663
1643
1663
1633
1623
1653
1648
1643
1663
1623
1648
1643
1638
1613
1643
1633
1683
1628
1638
1648
1628
1628
1648
1648
1648
1648
1643
1648
1632
1658
1643
1623
1673
1638
1648
1658
1638
1648
1643
1658
1638
1643
1643
1658
2640
1643
1653
1658
1658
1638
1633
1638
1623
1673
1643
1648
1643
1653
1643
2119
1653
1648
1663
1658
1638
1653
1663
1658
1668
1658
1638
1653
1648
1638
1648
1628
1643
1658
1653
1648
1653
1663
1633
2034
1643
1658
2800
1653
1643
1633
1638
1643
1653
1638
1638
1643
1633
1668
1668
2805
1648
1632
2805
1658
1663
1653
1628
1648
1623
1698
1623
1623
1673
1643
1647
1628
1663
1678
1673
1663
1663
1668
1653
1638
1678
1668
1678
1648
2890
1658
1643
1658
1648
2530
1653
1618
1633
1653
2830
1673
1663
1673
1643
1603
2780
1633
1673
1663
1643
1663
1613
1678
1653
1643
1648
1648
1627
1658
1618
1633
1617
1623
1613
1653
2279
1658
1653
1808
1648
1663
1663
1653
2840
1638
1648
1647
1638
1673
1658
2033
1678
1658
1663
1623
1643
1648
1658
1648
1638
1668
1648
1633
1838
1698
1683
1668
1668
1663
1638
1633
1638
1638
1633
1633
1628
1623
1628
1648
1658
1632
1648
1653
1643
1658
1658
2835
1648
1658
2705
1663
1653
1648
1658
1648
1658
2800
1647
2815
1693
1683
1668
2820
1638
1658
1638
1633
1633
1653
1618
1658
1632
1643
1638
1653
2414
1653
2620
1708
2820
1648
1633
1648
1648
1618
1628
1653
1643
1643
1647
1658
1627
1658
1623
1638
1628
1643
1628
1628
1648
1658
1647
1633
1633
1658
1663
1643
1628
1658
2539
1653
1658
1638
1653
1648
1643
1648
1638
1673
1647
2850
1638
1643
1668
1633
1663
1673
1658
1643
1648
1638
1633
1632
1648
1603
1663
1623
1643
1623
1673
1628
1633
1628
1648
1648
1638
1648
1653
1653
1663
1663
1658
1633
1628
1673
1648
1643
1663
1648
2800
1628
1663
1643
1648
1648
1643
1643
1723
1643
1653
1663
1648
1633
2795
1647
1643
1678
1648
1638
1648
1633
1663
1658
1633
1638
1668
1653
1663
1628
1647
1648
1643
1668
1683
1668
1648
1648
1668
1658
1663
2795
1678
1643
1658
1633
1643
2805
1663
1643
1658
1638
2239
1652
1683
1658
1653
1658
1658
1658
1668
1668
1648
1638
1648
1653
1663
1653
1628
2179
1658
1653
1652
1658
1653
1653
1658
1658
1633
2835
1648
2815
1668
1648
1638
1628
1678
1648
1663
1653
1653
2815
1653
1658
1638
1663
1663
1663
1653
1653
1638
1638
1638
1613
1617
1643
1623
1673
1608
1618
1663
1627
1623
1658
1648
1663
1703
1663
1708
1653
2810
1658
1653
1653
1628
1668
1668
2830
2674
1668
1653
1793
1663
1653
2274
2820
2204
1668
2224
1653
1648
3687
1673
2850
2820
2404
1663
2800
1663
2835
2820
1678
2840
1678
4102
4578
1673
2700
1663
1658
1653
1683
3025
7824
4283
1653
1648
1638
1668
1643
1668
1688
1688
2810
1623
1628
1643
1628
1638
1628
1638
1633
1607
1638
1638
1668
1648
1643
1658
1638
1618
1658
1623
1637
1653
1643
1648
1663
1633
1648
2810
1653
1653
541
1653
1663
1648
1643
1628
1633
1638
1633
1653
1653
1638
1653
1638
1643
1638
1648
1583
1633
1653
1658
1608
1658
1633
1643
1628
1633
1643
2144
1663
1633
1658
1648
1658
1643
1673
1668
1663
1648
1643
1643
1643
1658
1653
1653
1643
1643
1668
1638
1643
1648
1632
1653
1627
1663
1663
1643
1647
1668
1678
1638
1667
1633
1643
1723
1653
1643
1658
2800
2810
1683
1668
2825
1678
1658
1653
1628
1648
2444
1643
1643
1648
1663
1653
1663
1648
2810
1638
1638
1618
1638
1653
1638
1643
1658
1653
1643
1904
1648
1678
1668
1658
1673
1668
1643
1633
1628
1623
1658
1638
1638
1628
1648
1648
1658
1643
1648
2800
1643
1663
1633
1643
2785
1653
2820
1618
1617
1638
1703
1648
1653
1652
1643
1653
1638
1658
1667
1628
1608
1623
1643
1653
1633
1648
1638
1623
1632
1673
1653
1673
1673
2013
2810
1643
1678
1698
1643
1638
2845
2810
1653
1673
1648
2830
1948
1703
2419
1673
1658
1643
1647
1653
2805
1658
2820
1668
2820
1648
2820
2850
1683
2785
1643
1643
2825
1668
1678
3166
1668
1668
2845
2845
1658
4533
1663
1688
3095
1673
1643
1638
1638
1653
1648
1648
1643
1633
1653
1658
1653
2269
1673
1633
1643
1638
1648
1643
1638
1648
1658
1653
1643
1653
1658
1652
1693
2795
2815
1633
2800
1653
1652
1663
1663
3386
2169
1653
1648
1648
1658
1658
1638
1648
1653
1643
1658
1653
1643
1648
1643
1638
1678
1663
1683
2414
1663
1658
1788
2544
1648
2600
1643
2825
1688
1658
1653
2725
2815
2639
2760
1643
1648
1648
1617
1633
2795
1618
1658
1678
1678
1658
1632
2750
2840
1658
1688
2825
1667
2114
1678
2865
1648
1653
2795
2815
1678
1658
2149
3542
1653
1648
1647
2815
1653
1658
1623
1648
2124
2830
1653
2810
1648
1643
2815
3045
1658
1648
1638
1673
1638
1638
1638
1643
1658
2810
1653
2805
1652
2820
1648
1643
3396
4538
4673
2083
1663
1648
2665
2945
1632
1653
1653
2093
1628
2264
1628
1658
1678
1658
1653
1658
1653
2515
1678
1658
1648
1648
1663
1658
1673
1693
1663
1658
1648
2640
1652
1623
2835
2815
1667
2520
2529
1658
2825
4543
1643
1628
1663
1648
1658
1653
1698
1648
2810
2820
4608
1638
1633
1667
1628
1643
1648
1643
1647
1632
1593
1638
1643
1618
1633
1653
1638
1658
1643
1658
1638
1623
1663
1643
1643
1638
1618
1638
1663
1643
1627
1643
1638
1643
1632
1643
1658
1633
1643
1643
1643
1638
1633
1638
1648
1638
1618
1652
1663
1648
1643
1638
1643
1653
1653
1653
1658
1668
1633
1668
1633
1653
1648
1628
1648
1653
1638
2830
2710
1633
1653
1668
2825
1648
1663
1668
2820
1658
1633
2810
1638
1663
2013
1648
1653
1668
2169
2815
1668
1628
1658
1668
1678
1663
1673
1648
1663
1643
1663
1653
1658
1658
1643
1658
1648
1658
1643
1633
1648
1653
1618
1648
1643
1633
1667
1633
1643
1653
1638
1673
1658
1663
1738
2624
1698
1658
1648
1653
1608
1638
1648
1643
1663
1638
1648
1633
1643
1648
1623
1643
2830
1638
1658
1658
1643
1643
2820
1638
1643
1653
1648
1653
1678
1653
1668
1653
1653
2109
1648
1648
1658
2810
1638
1663
1653
1673
1663
1623
1663
1663
1648
1658
1667
1658
1658
1643
541
1638
1658
1663
1653
2830
1653
1638
2810
1632
1638
2810
1643
2830
1663
2805
1648
2584
1658
1653
1627
1623
1618
1633
1643
1623
1648
1628
1658
2820
1648
1653
1638
1973
1658
2550
1643
2830
1648
1658
2224
1663
1648
1663
2815
1643
1693
1678
1658
2835
1653
2815
1653
2830
2830
2840
1643
1638
1663
1628
1653
1678
1638
1643
1628
1658
1653
1663
1658
1688
1648
1648
1652
1643
1648
1638
1648
1663
1663
1648
1763
1633
1643
1683
1653
2825
2840
1673
4498
2585
1658
2850
2825
2810
3877
4513
2855
4323
2264
4573
1673
1658
2800
2815
1643
2815
2835
2835
2820
1693
1653
1653
2840
1673
1673
2840
2810
1668
2805
1663
1678
2314
2795
2810
2600
2755
1693
1643
1633
1648
1658
1668
1638
1647
1653
1949
1678
1658
2755
1663
1658
2795
1643
1628
1648
1647
1648
1623
1628
1647
1648
1648
1643
2800
1653
1638
2790
1663
1638
4493
1658
2104
2359
1658
2850
6567
1678
1658
2810
1653
2815
1658
3611
1663
2830
1678
2800
2209
4553
1663
8340
6522
4673
1653
2790
1643
1678
2490
1663
1663
4608
4573
2114
1708
1683
2850
1698
1663
2810
1658
2825
2835
2830
1668
2805
1658
1678
1688
2850
2845
2825
2815
4538
4559
1688
4312
2855
2850
3035
6492
2820
2790
2780
3461
2344
2820
1658
2234
2820
2820
2815
1643
1703
1653
1628
1653
1658
1638
1638
1628
1643
1633
1653
2009
1648
1653
1653
1663
1638
1667
1648
1643
1653
1668
1643
1643
1648
1623
1653
1648
1628
1627
1628
1648
1628
1638
1658
1638
1643
1673
1643
1643
1643
1638
1658
1658
1603
1573
1643
1643
1653
1643
2820
1623
1618
1628
1618
1643
1653
1628
1658
1648
1628
1638
2815
1648
2820
1643
1638
2524
1653
1673
1658
1618
1618
1628
1638
1648
1632
1638
1638
1663
1658
1602
1658
1653
1648
1673
1653
1653
1653
1638
1633
1632
1653
1643
1638
1643
1643
1648
1652
1638
1663
1648
1653
1628
1648
1653
1632
1633
1643
1638
1638
1628
1623
1658
1618
1628
1648
1632
1683
1638
1653
1658
1623
1633
1643
1658
2840
1663
1673
1628
1633
1643
1648
1623
1638
1648
1633
1628
1633
1628
1643
1638
1658
1638
1658
1643
1648
1643
1648
1638
1603
1683
1608
1673
1648
1663
1668
1653
1653
1648
1658
1673
1658
1648
2790
1638
2825
1668
1683
1643
3406
1653
1658
1643
1648
1643
1663
1633
2810
2659
1658
1653
1633
2820
1648
1628
1683
1648
1643
1653
1658
1668
1653
1688
1693
1718
2790
1572
1648
1663
1658
1658
1628
1628
1643
1643
1663
1668
1653
1623
1643
2830
1668
1658
2810
2815
1663
1632
2820
1628
1653
1663
1658
1683
1673
1998
1653
1663
1638
4548
2559
1648
1663
2264
1653
1653
1633
1633
1638
1638
1593
1648
1653
1643
1643
1623
1648
2820
2805
1643
2825
2805
2815
2820
2815
1668
2835
1648
2815
2800
1683
1638
2825
2640
1612
1648
2810
1683
1683
2825
2820
2470
2830
1633
2825
1623
1628
1628
1648
1628
1633
1638
1658
2825
2815
2820
1893
1678
2394
1618
1643
2820
2830
2810
1668
1663
2820
2695
2820
2805
2795
1653
1653
4513
1753
1658
1638
1668
2520
1648
2825
2815
1633
1653
1658
1663
1658
1633
1643
1633
1572
1643
1618
1633
1643
1648
1618
1632
1643
1643
1628
1623
1618
1778
1648
1663
1663
1653
2835
1693
3036
1638
2710
1648
2675
1658
1708
4593
1683
2805
2815
2800
1653
1658
1663
1628
1628
1628
1613
1638
1628
1648
1628
1643
1633
1613
1638
1623
1603
1638
1638
1638
1618
1638
1648
1628
1628
1653
1648
1653
1648
1643
1628
1643
1648
1598
1643
1663
1653
1618
1658
1643
1643
1663
2830
2339
2700
4508
4598
2905
1663
1673
2329
1658
1658
2810
1653
2805
2805
2329
3962
1673
1648
4533
1673
1673
1678
2835
2139
4543
4498
4553
6522
4593
1808
1658
1643
4543
2289
2830
4503
1653
1663
4568
1638
1653
1623
1668
1648
1658
2825
1667
2475
1633
1678
1638
1633
1648
1628
1633
1628
1648
1638
1618
1628
1648
2259
1678
1643
1628
1623
1633
1643
1638
1653
2840
1658
2825
2845
1648
1648
2264
2835
1668
1653
1638
1638
1623
1613
1653
1658
2805
2800
2775
1753
2024
1623
1633
1628
1653
1628
1647
1618
1623
1627
1643
1653
2815
1698
1678
2825
1607
1633
1653
1648
2835
2855
1653
4538
3176
1648
1668
2810
2299
4493
2449
2820
1663
2800
2820
1673
1683
1678
1673
1678
2835
2855
2830
2810
1663
2544
1678
2855
2249
2785
1658
2815
1658
1678
2815
1683
1678
2820
2800
2815
2830
2850
1718
2835
1663
2820
1668
2810
1663
2239
4533
1628
2254
1648
2820
2319
1683
1683
4553
1663
2850
2815
2815
1663
1678
2835
1653
2825
1668
2820
2810
1678
2840
1683
1688
2810
1633
2149
2274
2635
1628
1608
1653
1648
1663
1658
1668
1633
1668
1633
1653
1683
1648
1638
1658
1628
1643
1668
1633
1648
2800
1658
1653
1658
1653
1628
1653
1643
2164
1643
2599
1643
1638
2855
2349
2785
1658
2805
1643
1613
1638
2244
1663
1678
2830
1668
1653
1648
1623
1643
1688
1994
1643
2815
1683
1663
1643
1673
2825
1658
1628
1638
1618
1652
1653
1653
1663
1673
1668
1643
2800
2780
2654
1653
1658
2810
1643
1628
2775
1648
1633
1658
1623
1643
2474
1643
1643
1648
1653
1633
1643
1673
1648
1653
1638
1648
1643
1653
1678
1648
1678
1653
1648
1638
1633
1673
1668
1647
1648
1648
1638
1643
1653
1643
1653
1638
1673
1643
1658
1663
1638
2710
1653
1638
1663
1638
1648
1608
1648
1638
2805
1648
1623
1638
1618
1632
2494
1638
1632
1648
1638
1643
1658
1633
1618
1648
1653
1648
2850
1658
1653
1933
1673
2815
1652
1663
1658
1643
1653
1658
1658
1643
1653
1643
1653
1633
1653
2860
1678
2820
1633
1638
4508
1633
1628
2820
1653
1628
2815
1638
1678
2570
1643
2695
2865
1618
2820
1638
1663
1683
1914
2730
2805
2640
2815
2589
4618
2324
2815
2820
1633
1647
1653
1673
1638
2830
1648
1663
1663
1638
2570
1643
1658
1653
1668
1632
1658
1653
1668
1643
2785
1658
1663
1688
1638
1648
1678
2855
1663
1648
2339
1663
2835
1703
1668
2665
1648
461
1688
2840
2359
1653
1647
1658
2835
1658
2830
1718
1658
1648
2810
4248
1673
2369
4568
1668
1678
4548
6758
2805
2820
2830
1648
2810
1658
1663
1658
2820
1663
1648
1683
2820
1678
1653
1673
2800
2625
2795
1648
1648
1633
1653
1653
2609
1643
1658
1688
1658
1663
1648
1647
2810
1628
1623
1623
2820
1638
1638
1653
1638
1643
1638
1653
1633
1628
1628
1658
1638
1638
1663
1623
1658
1663
1638
1643
1683
1643
1648
1653
1627
1653
1718
1658
1648
1658
1658
1678
1653
1653
1658
1627
1633
1668
1628
1633
1673
1663
1668
2820
1643
1643
1768
1663
1663
1668
1623
2835
1638
2354
1653
1638
1683
1638
1643
1628
1643
2239
1673
1653
1648
1663
1648
1658
1637
1643
1663
2073
2194
1653
1658
1648
1653
1643
1643
1643
1653
1683
1643
1653
2805
1683
2830
1688
1663
1648
1658
1643
1653
1653
1643
1668
2805
1658
1663
2820
1658
1663
1668
1653
2825
1663
1648
1683
1658
1653
1648
1648
1663
1988
1652
1658
1658
1663
2840
1613
1643
1638
1648
2244
1663
1648
1658
2805
1668
2805
1668
1673
1653
1633
1633
1653
1653
1683
1658
1658
1643
2615
2805
1668
1658
1647
1653
1628
1648
1627
1647
1668
1638
1653
1633
1652
1648
1658
1648
1612
1683
1643
1643
1663
1658
1653
1658
1653
1643
1643
1643
1648
1653
1648
1668
1653
1618
1713
1673
1638
1663
1693
1648
2870
1633
1648
1628
1658
1663
1653
1643
1633
1683
1653
1653
1667
1633
1633
1643
1648
1673
1658
1638
1632
1633
1678
1643
1673
1653
1663
1683
1678
1673
1628
1668
1653
1613
1643
2470
1628
1648
1623
1633
1658
1648
1653
1638
1653
1648
1633
1663
1668
1643
1643
1673
1633
1648
1653
1673
1643
1653
1638
1663
1647
1648
1668
1663
1643
1658
1628
1603
1643
1638
1638
1633
1648
1627
1648
1648
1638
1683
1648
1663
1663
1638
1643
1638
1638
1647
1643
1673
1643
1638
1648
1638
1658
1643
1658
1608
1643
1658
1648
1658
1643
1648
1648
1658
1678
1658
1643
1638
2830
1663
1673
2805
1653
1678
1648
1643
1648
1648
2805
1653
1663
1658
1688
1673
1643
2805
1653
1658
1653
1638
1638
1638
1638
1628
1638
1628
1643
1653
1628
1638
1658
1648
1663
1638
1638
1628
1643
1648
1643
1643
1653
2124
1653
2850
1663
1638
1663
1643
1648
1673
2820
1643
2529
1628
1628
1643
1638
1643
1638
1653
1653
1628
1643
1658
1643
1643
1648
1648
1648
1648
1678
1648
1643
1663
1663
1653
1663
1688
1633
1673
1652
1663
1643
1633
1663
1648
1668
1678
1743
1658
1653
1668
1647
1643
2299
1643
1652
1658
1628
1653
1633
1648
1668
1643
1623
1653
1628
1627
1663
1628
1648
1643
1658
1628
1658
1678
1648
1638
1668
1658
1653
1658
1647
1648
1643
1653
791
1628
1643
1663
1633
1658
1663
1643
1663
1667
1653
1638
1663
1643
1658
1663
1643
1663
1658
1663
1643
1638
1643
1648
1663
1638
2465
1627
2360
1653
1643
1628
1658
1633
1623
1673
1628
1668
1643
1648
1658
1633
1668
1643
1633
1668
1653
1638
1632
1648
1668
1638
1628
1658
1638
1633
1613
1658
1653
1668
1643
1673
1663
1643
1663
1633
1647
1633
1673
1638
1633
1627
1658
1618
1658
1673
1653
1653
2459
1663
1658
1643
1633
1653
1638
1653
1643
1648
1658
1638
2810
2314
1648
2329
1668
1673
1643
1663
1643
2805
1653
1658
2805
1673
1673
2790
2840
1648
2088
1653
1663
1663
1658
1653
1653
1643
1633
1673
1653
1648
1643
1658
1658
1663
1663
1663
1668
1633
1668
1648
1667
1693
2820
1648
1638
1648
1683
2815
1703
1648
2805
2775
1658
1663
1673
2509
1653
1653
1653
1658
3035
1678
1648
1653
1658
1658
2825
1653
2815
1733
1658
1627
2810
1663
1658
1663
1628
1648
1648
1638
1658
1653
1667
1648
1663
1668
1633
1673
1633
2810
1633
1658
1652
1658
1663
2284
1658
1623
1663
1638
1643
2820
1633
1618
1623
1623
1643
1648
1658
1618
1633
1658
2024
1653
1653
1653
2038
1628
1658
1648
1653
2720
1668
1653
2795
1653
1648
1643
1653
1678
1668
1643
1683
1648
1658
1653
2825
1638
1648
1653
1968
1653
2800
1683
1638
1658
1638
1668
2464
2820
2810
1678
1663
1653
2214
2805
1623
1693
1673
1637
1718
1648
1663
1663
1658
2584
1658
2685
2119
1663
1678
2259
2414
2800
1678
1648
2820
1643
1648
1668
1658
1632
1663
1658
1653
1638
2810
1643
1753
1648
2810
1668
1663
2800
1663
1638
1643
1633
1658
1663
1628
1648
1653
1638
1678
1628
1643
1658
1648
1653
1663
1668
1643
1653
1703
1638
1653
1643
1663
1663
1703
1663
1643
1653
1643
1984
1638
1973
1638
1663
1648
1683
1643
1648
1628
1633
2815
1632
1638
1648
1638
1663
1643
1638
1683
1663
1658
1653
1643
1673
1638
1658
1678
1643
1668
1648
1653
1643
1673
1607
1653
1643
1648
1653
1663
1623
1643
1648
1638
1653
1653
1647
1648
1648
1638
1643
1653
1633
1633
1618
1653
1628
1647
1643
1643
1648
1648
1648
1673
1658
1658
1648
1648
1648
1648
1653
1628
1623
1633
2805
1668
1663
1633
1663
1668
1628
1658
1653
1633
1648
1658
1653
1648
1638
1648
1653
1773
1658
1638
1638
1633
1643
1623
1643
1638
1628
1648
1643
1638
1643
1663
1648
1663
1638
1643
1668
1633
1668
1648
1673
1668
1663
1658
1658
1653
2795
2509
2820
2815
1653
2810
2810
1668
2840
2540
2229
2845
1638
1643
1638
1668
1663
1663
1647
1663
1648
1643
1683
1648
1648
1678
1618
1628
1653
1653
1648
1643
1617
1633
1628
2850
1643
1643
1638
1643
1628
1658
1648
1653
1628
1623
1648
1683
1638
1638
1663
1658
1658
1643
2830
1658
1648
1673
1638
1648
1663
1653
1648
2519
1658
1643
1643
1643
1623
1663
1638
1658
1643
1653
1648
1658
1643
1653
1633
1643
1648
1648
1663
1638
1638
1628
1638
1668
1663
1628
1653
1653
1653
1643
1663
1658
1653
1648
1643
1648
1638
1663
1658
1648
1658
1643
2289
2810
1643
1643
1643
1643
1623
1643
1643
1648
1653
1643
1658
2229
1653
1647
1683
1658
1658
1653
1668
1648
1653
1653
1633
1638
1658
1653
1638
1633
1653
1658
1628
1653
2815
1668
2449
2685
1653
2805
1643
1683
1668
1658
2810
1663
1668
1673
1663
1658
1643
1668
1653
1638
1658
1623
1939
2800
1648
1668
2685
1648
1683
2830
1673
1648
2810
1633
1673
1688
1663
2555
1708
1658
1658
1693
1658
1663
1658
2800
1663
2344
2815
1653
1668
2805
1668
1668
1673
1773
1668
1658
1648
1648
1653
1688
1698
1653
2274
1693
1683
1648
1648
1663
1653
1643
1638
1638
1638
1668
1623
1648
1638
1653
1658
1643
1638
1663
1633
1678
1652
1652
2088
1673
1653
1653
1663
1658
2820
1653
1658
1653
1658
1658
1633
2394
1663
1653
2830
1648
1658
1683
1663
2815
1643
1658
1653
1653
2800
1758
1663
1663
1663
1653
1668
1663
1643
1678
1663
3106
2825
1653
1653
2169
1663
1663
2790
1663
1638
1668
2835
1668
1633
1648
2785
1668
1683
1668
1663
1663
2800
1648
2805
1668
1653
1673
1648
1663
1663
1748
1663
1648
1653
1673
1653
1668
2830
2605
2835
1688
1668
1663
2790
1653
1658
1673
1663
2815
1643
1673
1608
1638
1668
1638
1688
1603
1663
2825
2820
1663
1658
1673
2875
2830
1658
2099
1638
1678
2800
2815
1678
1638
1663
1653
1643
1693
1638
1658
1658
1643
1673
1668
1643
1658
1648
1617
2845
1663
1623
1653
1648
1658
1638
1648
1653
1648
1683
1668
1683
1673
1638
1623
1648
1853
1668
2414
2830
1728
2825
1653
1698
2489
1653
2735
2830
2840
1688
2815
1658
1633
1643
1643
1653
1648
1653
1668
1643
1658
1623
1633
1688
1632
1633
2264
1658
1648
2825
1653
1633
1663
1638
1643
1643
1648
1668
1618
1623
1658
1663
1658
1653
1648
1633
1643
1633
1658
1643
1638
1613
1653
1647
1658
1643
1643
1663
1633
1648
1638
1623
1648
1658
1638
1638
1648
1628
1648
1638
1632
1638
1633
1658
1628
1638
1633
1653
1653
1638
1668
1647
1643
1793
1648
1638
1638
1628
1627
1663
1653
1643
1638
1638
1638
1658
1632
1628
1653
1613
1638
1618
1648
2800
1653
1643
1658
1648
1658
2645
1658
1668
1648
1643
1633
1633
1623
2810
1653
1638
1663
1653
1673
1647
1618
1758
1633
1648
1668
1627
1628
1653
1628
1653
1643
1648
1653
1653
1638
1638
1648
1633
1663
1643
1643
1673
1618
1648
1643
1638
1623
1708
1638
1643
1658
1648
1673
1648
1648
1663
1658
1643
1673
1647
1653
1643
1628
1643
1673
1658
1658
1663
1658
1668
1633
1653
1658
1628
1673
1678
1653
2815
1668
2329
1643
1678
1658
1632
1658
1668
1633
1628
1643
1638
1648
1648
1643
1613
1633
1643
1633
1638
1658
1658
1632
1633
1633
1633
1647
1643
1658
1632
1653
1658
1648
1623
1658
1643
1668
1653
1643
2775
1638
1663
1643
2825
1638
1678
1999
1633
1633
1668
1663
1643
2815
1643
1627
1648
1653
1648
1647
1668
1658
1653
1658
4493
1658
1653
1643
1648
1628
1643
1648
1633
1988
1648
1658
1658
1653
2820
1628
1658
1663
2815
1638
1653
1703
2820
2349
2815
1643
2805
2795
1678
2855
1698
1668
2810
1663
3346
1638
2840
1658
1658
2514
1643
1648
1643
1663
1663
1643
1663
2699
1638
2815
1643
2815
1638
1653
1648
1663
1643
1663
1658
1643
1643
1632
2820
1638
2830
2840
2835
1648
2840
1653
1678
1638
1638
1613
1643
2820
1628
1653
1643
2805
1663
2700
1668
1653
1658
1663
1658
1658
1663
1653
1658
1973
2810
1658
1638
1653
1653
1658
1633
1653
1668
2815
1653
1643
1653
1648
1647
1658
1653
1648
1648
1643
1623
1647
2785
1663
1668
1638
1648
1658
2795
1653
1663
2805
1633
1658
1668
2274
1673
1663
1998
1638
2815
1653
2800
1623
1643
1638
1638
1628
1618
1628
1643
1653
1648
2820
1628
1638
1648
1653
1653
2815
1633
1658
1633
1638
1643
1633
1658
1623
1623
1653
1643
1653
1643
2399
1643
1648
2795
1663
1663
1653
1628
1643
1638
1638
1648
2805
1643
1673
1653
1653
1663
1673
1653
1648
1648
1658
1658
1668
1648
2800
1648
1643
1653
2845
2565
4393
1653
1663
1658
1643
4533
2820
2835
1673
1653
3111
1673
1633
1643
1663
1638
1638
1628
1648
1663
1643
1638
1643
1658
1638
1648
1628
1628
1653
1633
1623
1658
1653
1623
2810
1653
1648
1648
1638
1653
1678
1648
2835
1628
1638
1643
1643
1663
1668
1638
1663
1653
1653
1633
1643
2815
1628
1688
1623
1668
1618
1668
1603
1632
1653
1638
1663
1643
1628
1678
1633
1628
1663
1638
1663
1653
1628
1643
1603
1647
1637
1633
1673
1648
1653
1658
1653
1648
1653
2004
1633
1658
1632
1638
1632
1618
1643
1633
1633
1653
1638
1633
1628
1653
1653
1663
1643
1653
1633
1653
1668
1647
1643
1628
1638
1638
1628
1648
1623
1598
1673
1633
1648
1643
1643
1648
1668
1653
1653
1663
1633
1648
1653
1653
1648
1668
1632
1638
2795
1653
1673
1643
1628
1648
1663
1633
1648
1648
1623
1643
1658
1663
1638
1643
1668
1663
1663
1653
1648
1658
1658
1643
1953
1643
1638
2700
1653
1623
1663
1653
1658
2820
1643
1638
1643
1663
1643
1668
1652
1673
1658
1908
2800
1633
1638
1627
1653
1653
1658
1653
1653
1643
1663
2214
1658
1643
1658
1653
1653
1643
1653
1663
1638
1653
1658
1653
1643
1658
1628
1653
1658
1638
1653
1673
1658
1658
1633
1678
2800
1653
1643
1673
1663
1658
1648
2820
1658
1633
1673
1643
1673
2830
1638
1648
1638
1643
2079
1638
1663
1688
1638
1638
1632
1643
1643
1643
1618
1643
1633
1633
1648
1648
1628
1643
1613
1658
1648
1643
1668
1648
1638
1663
1643
1633
1658
1653
1638
1638
1628
2715
1673
1667
1668
1638
1638
1638
1633
1647
1658
1653
1663
1663
1653
1663
1632
1643
1658
1643
1647
2580
1653
1673
1643
1648
1647
1658
2810
1663
1683
1673
1648
1658
1653
1678
2815
1663
1653
1683
1643
1653
1638
1663
2650
1678
2820
1663
1623
1623
1668
1613
1658
1673
1658
1618
1643
1643
1643
1648
1663
1658
2850
1673
1653
2810
1653
1617
1653
1658
1648
1653
1658
1653
1653
1653
1633
1663
1653
1653
1648
1653
1638
2830
1668
1663
1668
1638
1643
1693
1647
1627
1648
1648
1648
2800
1663
2805
1653
1638
1643
1668
1638
1678
1748
1653
1633
1638
1638
1668
1652
1643
1658
1658
1638
1648
1638
1653
2830
1647
1808
1658
1643
1653
1638
1658
1663
1673
1643
1648
1658
1643
2790
1633
2825
1658
1638
1658
1673
2554
1658
2810
1648
1673
1633
2795
1658
2069
2775
1658
1683
1638
1623
1648
1638
1668
1618
1648
1653
1647
1643
1643
1638
1663
1628
1633
1653
1638
1648
1648
1643
1638
1643
1632
1638
1648
1643
1638
1623
1643
1633
1653
1653
1643
1633
1633
1658
1643
1633
1643
1643
1623
1648
1628
1663
1643
1653
1658
1678
1633
1663
1648
1608
1628
1667
1628
1638
1648
1653
1668
1632
1618
1693
1633
1633
1668
1633
1623
1663
1628
1613
1648
1673
1663
1658
1653
1658
1653
2800
1663
1673
1643
2800
1658
1658
1653
1663
1663
1673
1648
1658
1658
1653
1628
1653
1673
1668
1638
1673
2840
1673
1638
1698
1688
1647
1648
1618
1658
1628
1613
1648
1653
1653
1663
1648
1653
1653
1648
1648
1673
1673
1613
1667
1633
1648
1668
1668
1633
1658
1652
1623
1638
1648
1633
1633
1618
1633
1643
1993
1633
1648
1638
1643
1658
1658
1658
1643
1643
1638
1653
1638
1648
1638
1633
1678
1658
1643
1648
1638
1648
2830
1648
1623
1643
1648
1678
1693
1653
1663
1643
1653
1658
1663
1678
1653
1658
1653
1668
1647
2795
1668
1653
1643
1658
1643
1673
2314
1643
1653
1668
1643
1663
1653
1668
1643
1653
1648
2580
1638
1633
1658
1653
1658
1638
1668
1668
1653
1663
1668
1648
1658
1658
1628
1673
1643
2589
1658
1663
1653
1668
1653
1648
1668
1638
1663
1643
1668
1638
1628
1653
1653
1658
1648
1648
1653
1663
1638
1638
1658
1673
1623
1618
1643
1613
1652
1658
1628
1638
1648
1638
1613
1648
1663
1653
1658
1648
1633
1648
1648
1638
1648
1643
1643
1633
1643
1658
1628
1648
1643
1648
1653
1638
1638
1628
1628
1633
1653
1628
1643
1648
1658
1638
1653
1633
2630
1678
1663
1643
1643
1633
1648
1648
1658
1668
1653
1643
1658
1658
2189
1658
2805
1623
1673
2615
2510
2810
2830
1653
1683
2860
1653
1663
1663
1653
1658
1648
1633
1633
1653
1658
2835
2124
1658
1673
2830
1668
1638
1643
1648
1628
1647
1683
1658
2805
1653
1653
2825
1648
1618
1618
1628
1643
1643
1618
1643
1648
1648
1668
1643
1653
1628
1658
1658
1633
1648
1648
1638
1643
1663
1643
1648
1668
1613
1638
1638
1648
1653
1628
1653
1668
1663
1668
1638
1653
1638
1658
1673
1658
1658
1668
1647
1643
1623
1678
1643
1663
1648
1673
1638
1673
1673
1623
1658
1658
1653
1658
1653
2660
1638
2825
1698
1688
1653
1648
1643
1612
1653
2825
1798
1658
2800
1658
2810
1648
1632
1653
2820
1668
1673
1673
1668
1978
2855
1653
1653
1623
1663
1653
1643
1658
1663
1653
2820
2800
2805
1683
1658
1643
1658
1658
1638
1648
1658
1653
1683
2559
2810
1658
1603
2835
1688
2830
2324
1667
2810
1648
1668
1653
1643
1668
2399
1653
1658
1663
1663
1643
1653
1984
1648
1668
1643
1633
1678
2820
1683
2830
1663
1673
1653
1633
2820
1653
1663
2675
2825
1678
1668
1683
1663
1668
1678
1653
3491
1678
2835
1653
1658
1653
1647
1648
2820
2845
2805
1673
2810
1663
1658
1668
1668
2269
1658
1653
2805
2800
2825
1648
1663
2835
2820
1633
1643
1608
1658
1643
2800
2785
1653
1653
2484
1658
2619
1673
1628
1683
1648
1673
1658
1648
1653
1623
1673
1628
1638
1628
1633
1668
1638
1643
1653
1643
1653
2805
1633
1593
1648
1648
1698
1658
1632
1633
1748
1638
1638
1658
1623
1633
1643
1638
1643
1608
1628
1628
1653
1628
1653
1643
1628
1658
1643
1643
1638
1623
1638
1638
1653
1673
1648
1643
1633
1653
1658
1648
1648
1643
1643
1653
1653
1648
1648
1653
1652
1628
1653
1648
1648
1643
2810
1668
1658
1653
1623
1628
1638
2830
2815
1653
1683
2850
2840
2820
2580
1658
1653
1663
2820
2810
1703
1668
1678
1653
1803
1663
1628
1618
1643
1668
2865
2900
1678
1708
2660
1708
1643
2825
2810
2835
1638
1658
1703
2875
335
2840
1658
1648
2820
2810
2855
2504
1643
2810
2825
1673
2820
1683
1683
2835
1673
2524
2144
2810
1663
2800
2544
2780
2835
4503
6527
4583
2494
1663
1668
1663
1708
1693
1673
1673
1658
2795
2830
1683
2810
2835
2434
4538
1673
1668
1653
1673
1648
1623
1633
1668
2785
1668
1663
1678
1653
1678
1653
1643
1648
1663
1643
1633
2830
1663
1633
1638
1648
2815
1678
2860
1653
1693
2800
1688
1668
2830
2825
2079
1638
1648
1617
1668
1623
1648
1643
1658
1643
1623
1633
1648
1618
1633
1648
1633
1653
1648
1638
1643
1638
1638
1628
1652
1643
1658
1648
1633
1663
1643
451
1633
1718
2840
1723
1643
1628
1618
1638
1653
1618
1628
1638
1653
1623
2805
1668
2299
2830
1798
1663
1693
2845
2840
2775
1698
1653
1648
2885
2885
1713
1748
2810
1668
1633
1628
1663
1668
1658
1633
1653
1647
1648
1633
1653
1653
1633
1648
1633
1633
1653
1638
1653
1643
1638
1623
1643
1648
1623
1653
1658
1643
1643
1688
1713
1643
1653
1648
1653
1653
1703
1643
1648
1663
1643
1638
1668
1668
1663
1643
1648
1638
1663
1638
1703
1658
1643
1653
1653
1628
1648
1628
1613
1653
1748
1643
1638
1633
1628
1663
1668
1653
1623
1632
1728
1753
1663
1653
1658
1618
1643
2810
1628
1628
1988
1623
1633
1658
1633
1638
1638
1628
1668
1688
1668
1658
1648
1643
1653
1643
1638
1643
1633
1633
1663
1658
1643
1633
1623
1643
1678
1648
1632
1668
1638
1648
1653
1653
1593
1723
1633
1758
1663
1623
1693
1728
1668
1683
1693
1828
1723
1658
1658
1633
1638
1633
1623
1633
1633
1663
1633
1633
1648
1648
1643
1648
1648
1658
1663
1733
1668
1623
1632
1638
1623
1633
1673
1668
1638
1633
1643
1638
1663
1653
1633
1658
1658
1648
1653
1683
1703
1653
1638
1638
1643
1618
1683
1648
1623
1683
1632
1693
1673
1658
1663
1668
1663
1658
1663
1638
1683
1693
1688
1733
1658
1673
1663
1643
1728
1628
1648
1688
1618
1667
1693
1703
1663
1728
1713
1713
1673
1658
1638
1643
1653
1663
1683
1658
1648
1648
1713
1643
1678
1643
2810
1673
1658
1648
1613
1643
1653
1648
1668
1678
2830
1648
1653
1613
1663
1653
1653
2810
1633
1833
1973
1733
1663
1653
1633
1638
1628
1633
1668
1658
1668
1653
1748
1663
1673
1698
1643
1733
1658
1643
1668
1648
1647
1728
1648
1633
1643
1652
1643
1643
791
1713
1653
1688
1703
1648
1658
1648
1708
1698
1643
1643
1643
1673
1688
1608
1653
1658
1658
1698
1683
1638
1653
1628
1628
1613
1643
1628
1633
1643
1633
1663
1653
1643
1623
1648
1638
1648
1643
1648
1648
1653
1647
1658
1673
1678
1648
1658
1688
1643
1658
1633
1683
1728
1683
1673
1758
1653
1658
1643
1643
1653
1648
1648
1643
1703
1723
1678
1668
1648
1668
1658
1658
1673
1142
1658
1632
1628
1638
1688
1658
1638
1648
1638
1658
1628
1628
1678
1648
1683
1758
1623
1653
1663
1617
1648
1638
1673
1658
1653
1653
1643
1653
1633
1648
1653
2825
1678
1703
1613
1638
1653
2424
1668
1648
1678
1658
1653
1658
1723
1738
481
1648
1643
1632
1652
1617
1643
1647
1678
1688
1673
2825
1693
1708
1653
1643
1673
1653
1673
1653
1658
1658
1663
1698
1678
1733
1698
2845
1683
1708
1668
1668
1703
1663
1673
1668
1693
1663
1648
1663
1643
1638
1663
1648
1648
1643
1643
1633
1643
1653
1658
1658
1663
1688
1608
1643
1653
1638
1633
1623
1648
1653
1638
1648
1658
1648
1648
1668
1643
1658
1643
1653
1653
2309
1698
1663
2630
1658
1648
1668
1652
2790
2825
1658
2830
1658
2529
1683
1653
1663
1703
2830
2094
1663
1643
1653
1683
1678
1618
2805
1658
1673
1658
1648
2790
1653
1638
1673
1683
1643
2805
2795
1637
1663
1658
1638
1663
1663
3602
1668
1683
2595
2810
1678
1653
2780
1653
1648
1643
1632
1628
1628
1658
1628
1638
1648
1638
1668
1628
1633
1673
1633
1638
1633
1643
2244
1633
1653
1638
1638
1643
1638
1648
1653
1668
1663
3055
1698
1653
1658
1668
1653
1652
1663
1673
1648
1653
1663
1648
1658
1643
1653
1673
1638
1648
2539
1658
1658
1643
1658
1688
2825
1683
1628
1668
1673
1643
2830
1633
1648
1638
1658
1623
1638
1638
1653
1628
1623
2810
1658
1653
1668
1628
1648
1683
1668
1673
1658
2780
1688
1633
2785
3155
1648
1658
1673
1658
1698
2449
1658
2845
1652
1653
2825
1678
2795
2775
2830
1633
1658
1648
2830
1638
2825
2810
1698
2845
1673
2144
2840
1678
2815
1683
1653
2830
1673
1678
1683
1653
1608
1663
2565
2825
2199
2855
2800
2815
1668
1688
1673
1668
1688
1688
1713
2815
2825
2530
2374
1748
2780
2810
2800
1728
2820
2850
2810
2850
2840
1708
1743
1993
1723
2214
2825
2580
2835
1788
2870
1763
2815
2855
1788
2845
1678
1638
1643
2825
2820
1648
1683
2880
1698
1778
2820
2519
1668
1648
2800
2795
2785
1673
1958
1643
1668
2525
1608
1638
1623
1643
1638
1638
1633
1638
2810
1683
2840
1648
2099
1673
1653
1643
2840
2795
2785
2630
1673
2775
3116
1643
2645
2189
2575
1658
2344
1658
1643
1668
1678
2805
2810
1663
1658
1648
2825
4573
1673
1668
4148
1668
2795
1653
1648
1668
1688
3141
2289
2820
2825
2905
4498
2775
1653
1633
2805
2845
2454
1632
1623
1643
1643
1638
1653
1643
4538
1648
2635
1643
1683
2820
1698
1678
1653
1648
1643
1618
1613
1628
1643
1643
1638
1663
1633
1632
1658
1658
1633
1623
1653
1688
1673
1673
1668
1903
1673
1643
1648
2795
2810
1648
1638
1633
1643
1638
1623
1633
1623
1648
1673
2409
3837
6502
2840
1688
3451
2254
1668
2174
1678
2825
2815
2815
1663
2815
1663
1668
2835
2825
1688
1638
2795
1673
1643
1643
1633
1673
2825
2815
2805
1683
1663
1633
1618
1638
1648
1633
1643
1623
1638
1628
1653
1643
1653
1638
2820
1658
1658
1673
2785
2865
2835
2830
2845
2835
1778
1612
1638
1653
1638
1643
1663
1638
1653
1658
1623
1653
1633
1648
1608
1663
1638
1658
1648
1653
1648
1638
1628
1633
1638
1638
1638
1638
1648
2595
2830
2269
2264
1638
2314
1648
1653
1652
2795
1638
1648
2840
1628
1863
1658
2800
1643
1652
1663
1673
1623
2810
1678
1653
1668
6427
1668
1633
1643
1663
1638
1648
1633
1638
1628
1638
1653
1643
1643
1638
1638
1658
1643
1643
1663
1638
1653
1863
1643
1668
1648
2795
1633
2269
3216
1658
2850
1638
1638
1668
2785
1643
1673
1638
2850
1663
1658
1663
2825
1663
2830
1653
1638
2820
1633
2680
2795
2063
1643
2835
1678
2830
2815
2795
1648
1648
2319
1693
1683
2805
1638
2825
1683
2820
1638
2800
2850
2820
2890
2810
2825
2825
2845
2925
1698
2830
1663
2820
1668
2840
2589
1658
1638
4548
1658
1638
1623
1658
1658
1648
1673
1683
1638
2815
2810
1618
1658
1643
2515
2830
1678
4503
4513
1648
2815
2800
1648
1658
2815
1683
1663
1628
1683
3161
4533
1648
2855
1738
1668
4553
2840
2805
2825
1668
2815
2805
2800
2785
2189
6487
2835
3967
4518
8611
4488
4558
4558
2004
2520
2259
1693
2845
2810
4568
6532
4533
4538
1668
1658
2810
2825
2790
2805
2820
1663
2820
2820
2800
2800
2815
4558
4524
4473
1653
2830
4543
6432
6532
6512
3311
2780
2790
2775
4473
2990
4483
6427
4493
4478
6462
6442
6467
6502
6492
3221
1648
2795
2815
1663
1653
4628
2319
1688
2840
2830
2825
2805
2810
2820
2815
6477
6457
4483
2600
6472
4849
6377
5465
1633
1608
1658
1658
1653
1623
1638
1643
1653
1643
1658
1653
1652
1668
1643
1623
2815
1643
1653
1653
1658
1688
1638
1658
1688
1623
1653
1643
1658
1623
1648
1632
1648
1668
1643
1648
1638
1643
1673
1683
2550
1653
2489
1663
1648
1688
1648
1658
1643
1653
1683
2124
1648
2500
1673
2404
1843
2835
1613
1653
1673
1653
1638
1643
1663
1628
1612
1648
1638
1658
1628
1628
1628
2800
1643
1668
1638
1653
1648
1643
2589
1653
1638
1633
1633
1653
2800
1643
1658
2219
1658
2785
2805
1783
1643
1663
1668
2254
1658
1653
2800
1623
1648
2254
1663
1653
2650
1668
1658
1663
1653
2214
1663
1658
1658
2815
1668
1678
2820
4553
1678
1663
1673
1663
1988
1678
2384
1673
1693
1623
1648
1633
1648
1638
1648
1638
1643
1648
1638
1628
1653
1633
1648
1623
1628
1643
1643
1633
1633
1628
1633
1643
1608
1648
1653
1633
1633
1643
1638
1638
1643
1643
1653
1653
1633
1638
1633
1623
1633
1638
1623
1663
1638
1653
1643
1663
1613
1658
1638
1638
1648
1643
1693
1653
1658
1653
1653
1638
1638
1648
1633
1658
1623
1628
1643
1667
1658
1663
1653
1653
1638
1638
1668
1648
1653
1638
1638
1648
1663
1633
1648
2830
2349
1673
1663
1643
1683
1673
1663
1663
1653
1648
1658
1653
1678
1653
1643
2840
1663
1643
1613
1653
1648
1658
2780
1693
1673
2805
1668
1658
2800
1688
1658
1648
1628
1653
1658
1723
2825
1728
1633
1632
1718
2354
1617
1678
2339
2269
2810
1668
1663
1678
2349
1943
1658
2289
2830
2509
1643
2795
1658
2830
1653
2790
2800
1673
2279
2835
2810
2835
2805
2815
2850
2199
4673
2840
1658
2439
1663
1628
1608
1628
1653
1608
1643
1633
1623
1648
1608
1627
1648
1638
1663
1643
1638
1663
1633
1638
1653
1643
1643
1638
1638
1648
1643
1648
1648
1643
1643
1628
1623
2384
1638
1638
1633
1648
1658
1638
1643
1638
1643
1633
1643
1678
1703
1618
1653
1633
1663
1663
1653
2800
1663
2374
2650
4468
1663
2820
2800
1688
1638
2810
1658
1658
2434
1648
1643
2820
1633
1627
2695
2805
2810
1668
2254
1648
2820
1648
2043
1628
1647
1643
1632
1633
1628
1633
1663
1653
1673
1658
1643
2810
2800
2815
1653
1658
1658
2815
1743
2810
1688
1638
1643
1638
1643
1648
1653
1653
1647
1648
1653
2765
1663
1703
1648
1648
2820
1663
1673
1683
2710
2800
2775
2790
1658
1668
2810
1658
2830
2815
1688
2800
2805
2820
1658
1648
4483
2890
1658
1663
4518
1643
4568
1653
4553
1663
2800
2645
1623
1673
2815
2845
2840
2855
1688
2840
2840
1678
1748
1673
1668
2850
2820
2830
1668
1658
2805
2820
2820
2835
2855
1648
1658
1668
2805
2214
3401
6432
3436
4503
4463
4538
4573
3456
4162
4548
3086
4473
1663
2815
2810
2805
2805
2795
2820
2790
2805
2810
1648
1653
1728
2950
3061
6472
4528
4533
1653
1658
1663
2815
2795
2810
2825
4463
3581
4533
1643
1628
1638
4673
4649
1773
1648
1648
2825
2820
2810
4543
3216
2134
2229
2189
6487
1663
2835
2835
2835
6477
1663
4518
4538
3722
1623
1623
1668
2665
1663
1648
1668
1653
1653
2805
1678
1658
1648
1618
1653
1643
1673
1643
1633
1638
1653
1652
1658
1633
1632
1613
1618
1648
1668
1663
1663
1643
3296
1663
1633
1613
1648
1628
1638
1683
1663
1658
2810
2655
2399
2805
2815
2790
2078
2790
2795
2825
2825
2800
2830
2835
1663
2790
2825
2810
2815
2815
2815
2825
2855
1928
1673
2820
2830
2820
1683
1658
2810
2805
1723
1763
1633
2820
2785
1738
2810
2820
2820
2880
4493
4528
2384
2815
1653
2249
4544
6422
4468
1643
1693
6457
1668
3211
1678
1653
1944
1648
1668
1678
1658
1653
2524
1643
2805
2805
1628
1663
1658
2830
1648
1893
1683
2795
2790
1673
1633
1668
2535
2835
4638
1673
1658
2905
2815
2414
1658
1653
1663
1648
1658
1658
1643
1638
1653
1638
1653
1663
1638
1658
1658
1658
1638
1653
1653
1663
1658
1658
2785
2810
1668
1653
1628
1658
1643
1658
1643
1633
1638
1653
1638
3727
1643
1633
1648
1658
1683
1678
2800
1653
1638
1653
2384
2820
1673
1723
2840
1647
1652
2840
1683
2705
1643
1663
1648
2790
2780
1643
1653
1623
1643
1653
1628
1653
1653
1638
1653
1627
1633
1623
1638
1648
1653
1613
1653
1638
1663
1658
1678
1663
1648
1658
1668
4308
4513
1663
1793
1678
1658
1643
1663
2114
4533
6542
4558
2079
2855
2870
3171
6512
6497
4523
1668
6552
6502
2520
2810
4032
1663
1643
2855
1658
1663
2805
2795
2820
2810
1668
4609
6462
6442
1668
1667
1633
2825
1683
2384
1628
1643
1633
1653
1653
1638
1653
1648
1693
1667
2800
4533
4588
6441
6582
6557
4654
2825
4614
6562
1647
1658
1618
1613
1638
3857
2845
3622
6467
2810
2780
1608
2840
1668
2044
3727
1647
4483
3902
1658
2830
2815
2825
2805
1673
1647
4503
6512
1653
1678
1673
1658
1663
2409
2399
4523
1853
2810
1663
4533
1633
2805
2815
2835
1688
8591
1658
3161
8611
1653
2815
1648
1663
1703
1648
1648
1653
1648
1678
1643
1678
1658
1653
1653
1658
2855
2820
1673
1653
1648
2790
1668
1693
1658
1648
1632
1683
1663
1638
1658
1648
1643
1618
1627
1648
1643
1668
1618
1608
1648
1618
4538
4513
3266
1643
1628
1633
1668
2254
1633
1663
1658
1663
1638
2304
1627
2775
1623
1653
1648
1673
2785
2805
2128
1673
2765
3747
1638
1643
1683
1628
1628
1648
1633
1643
1638
1673
1678
2349
2049
1648
1628
2800
1683
2609
1668
2820
1668
1673
1648
1618
2710
1647
2800
4478
1653
1668
1653
1678
2114
1643
1612
1648
1653
1647
1648
1632
1633
1633
1638
1648
1628
1633
1613
1623
1628
1643
1638
1628
1658
1643
1658
1633
3155
1678
1668
1668
2815
2614
1708
2815
1633
1628
1628
1673
1618
1638
1653
1648
1618
1648
1633
1577
1648
1648
1648
1638
1643
1632
1643
1643
1647
1668
1638
1648
1643
1648
1648
1653
1653
1658
1653
4523
1678
2800
2845
1628
1653
1663
1648
1818
2519
1648
2840
1653
1663
1648
2805
1648
1663
2815
1648
1673
1653
1627
1643
1668
1628
1638
1963
1653
1658
1668
1643
1628
1653
1658
1653
1627
1653
1663
1628
1623
1668
1638
1643
1653
1638
1633
1628
1653
1648
1633
1658
1653
1643
1633
1658
1638
1638
1648
1638
1637
1633
1658
1648
1633
1653
1673
1633
1628
1663
1628
1648
1643
1653
1653
1638
1638
1647
1653
2795
1643
1643
1663
1598
1628
1643
1643
1663
1643
1628
1668
1633
1648
2825
1688
1668
3346
2860
1678
2865
1648
1703
3712
2114
1653
2805
1658
2068
1653
1648
3191
1658
1643
1643
1658
2805
1658
2815
1658
1643
1648
1648
1648
1653
1648
1673
1628
1658
1653
1638
1638
1643
1658
1633
1643
1658
1658
2805
1683
4348
1668
1718
1628
1673
1628
1613
1658
1608
1638
1643
1643
1653
1648
2825
1638
1643
1638
1638
1658
1648
1648
1673
1653
1618
1653
1628
1628
1643
1633
1663
1643
1638
1653
1653
1643
1633
1638
1628
1633
1648
1623
1663
1628
1653
1638
1628
1652
1648
2274
1653
1638
1643
1613
1663
1663
1638
1648
1663
1648
1683
1653
1653
1658
1623
1633
1623
1633
1628
1653
1648
1643
1643
1673
1643
1638
2840
1638
1638
1663
1638
1668
1633
1648
1643
1628
1638
1628
1628
1653
1663
1643
2620
1648
1648
1658
1658
1663
2790
1663
1638
1618
1658
1648
1633
1658
1658
1638
1643
1638
1653
1668
1623
1663
1663
1638
1653
1653
1633
2810
1658
1648
1668
1618
1653
1648
1633
2815
1653
1678
1663
1688
1633
2790
2529
1648
1673
2329
1653
1648
1648
2810
2810
1663
1643
1623
1623
1653
1623
1638
1627
1633
1623
1643
1643
1648
1663
1638
1643
1632
1653
1643
1647
1663
1658
1638
1653
1643
1658
1638
1653
1658
1638
1623
1638
1653
1618
1668
1648
1623
1653
1663
1663
1643
1658
1653
1658
1688
1648
1648
1648
1678
1652
1652
1673
2830
2815
1658
1643
1648
1643
2815
2549
1658
1628
1648
1628
1638
1647
1643
2274
1638
1658
1668
1653
1638
1628
1643
2815
1653
2544
1618
2820
2805
1663
1653
1658
1663
1653
1658
2795
2815
2815
1653
2825
1658
2635
1663
1678
1668
1638
1628
1628
1627
1638
1643
1658
1648
1613
1627
1643
1652
1638
1633
1643
1633
1663
1648
1623
1648
1633
1638
1663
1653
1643
1638
1658
1653
1648
1658
1658
1658
1653
1678
1623
1648
1648
1633
1648
1643
1918
1638
1652
1638
1653
1653
1652
1648
1653
1628
1648
1643
1643
1623
1623
1628
1678
2610
1718
1653
1678
1688
1663
2535
1663
2810
1658
1668
1698
2815
2670
3716
4523
1663
1663
4513
1658
2810
1708
2795
2810
2800
2805
2815
3451
1668
1663
2269
2800
1668
2444
2825
1673
1668
1648
2820
3486
1638
2830
2820
2830
1663
2825
1668
2805
2815
2805
1693
1673
2104
2414
1638
1623
1648
2699
2810
1643
1643
1638
1643
1648
2810
1673
1658
1643
1663
1663
1653
1653
1658
1668
1668
1627
1643
1633
1658
1653
1627
1673
2114
1628
1658
1678
1648
1653
1663
1663
1633
1668
1648
1658
1633
1633
1652
1638
2805
1658
1688
1663
1628
1653
2329
1663
1678
1648
426
1673
4483
1658
1658
2795
1663
1688
1658
2805
1628
1663
1667
1668
1648
1653
1658
1648
1648
1653
1648
1633
1613
1653
1653
1663
1643
1648
1643
2294
1653
1653
2785
2810
1663
1643
1648
2800
1678
2810
2409
1648
1658
1653
1648
2780
2775
1643
1623
2780
2800
2805
2830
2810
1653
2124
1668
1623
1653
1663
2795
2785
1643
2830
2775
1673
1683
1688
1658
1653
1653
1638
1643
1648
1658
1648
1958
1663
1658
1683
1658
1668
1673
1648
1638
1658
2805
1673
1652
2590
1638
1608
1643
1608
1633
1648
1638
1643
1608
1623
1628
1633
1653
1663
1638
1683
1658
1643
1693
1663
1658
1658
1638
1648
1653
1643
1632
1653
1663
1623
1663
1638
1673
1663
1658
1658
2505
2790
1668
1653
3592
4503
1658
1638
1653
2805
1643
1643
1663
1648
1673
1647
1643
1658
1708
1963
1653
1643
1617
1663
1633
1628
1658
1638
1623
1648
1638
1643
1653
1673
1668
1648
1643
1673
1653
1653
1658
1643
1653
1643
1653
1688
1632
1628
1658
1628
1633
1648
1653
1652
1673
1658
1633
1668
1648
1673
1648
1648
1648
1633
1653
1643
1663
1653
1673
1648
1673
1638
1658
1643
1638
1648
1633
1638
1653
1653
1643
2845
1678
1638
1668
1638
1607
1643
1633
1653
1648
1643
1618
1573
1643
1648
1663
1678
1668
2810
1673
2244
1643
1663
2820
1663
2830
1863
1673
2840
1698
2314
2494
2495
1678
1638
2820
1643
1643
1653
1643
2805
2805
1663
2820
2785
2549
1648
2785
2800
2615
1678
1658
1643
2810
2805
1668
1648
2795
2830
2725
2780
2795
6517
6497
2229
1623
1638
1647
1643
1633
1638
1648
1653
1628
1632
1648
1658
1643
1633
1658
1648
1652
1658
1628
1683
2274
1703
4483
1668
1678
1653
2815
1648
1663
1647
1663
2795
2800
1623
1633
1628
1633
1653
1628
1638
1653
1628
1643
1643
1647
1623
1618
1653
1638
1623
1928
1658
2785
1663
1668
1668
1673
2109
2575
2785
1648
1658
1633
2825
4448
1623
2509
1673
2850
1628
1643
1638
1633
1658
1648
1628
1648
1628
1638
1653
1638
1638
1643
1653
1638
1643
1643
1633
1643
1648
1613
1648
1643
1628
1648
1623
1653
1893
1638
1658
1618
1638
1663
1628
1673
1628
1658
1693
1648
2815
1723
1663
1643
1668
2810
1653
1668
1648
1668
1673
2795
2830
2785
1618
1678
3742
1778
1668
2780
1663
1653
2735
2825
2825
2805
2790
1663
1683
1688
1668
1663
1673
1658
2439
1708
2815
1653
1668
1648
1648
1913
2810
2554
1658
1653
1633
1658
1653
1633
1668
2109
1658
1658
1638
1627
2825
1668
2800
1693
1628
1638
1663
1658
1658
1638
1658
1658
1618
1653
1658
1628
1643
1668
1648
1628
1638
2835
1638
1667
1658
2820
1648
1653
1653
2339
1653
1653
2815
1648
2785
1643
1683
3306
2048
2815
1663
4308
2825
1673
2264
1668
1668
1668
2304
3631
2785
2830
1678
2840
4528
1638
1663
1653
1653
1653
1653
1653
2820
1663
2800
1658
1623
1648
1658
1628
1623
1658
1638
1638
1643
1643
1628
1638
1653
1613
1693
2780
1643
1633
1633
1653
1658
1643
1658
2830
2830
4528
1658
2835
2835
2830
1638
2254
2249
2795
1683
1667
1673
1653
1668
1658
1658
2529
1673
1668
1648
1648
2444
1653
1658
1653
2815
1658
2835
1698
1668
1668
1638
2835
1653
1668
1663
1638
2845
2810
2600
2845
2815
2835
2845
1653
2805
1658
1678
1678
2825
2810
1658
1623
1688
1668
1648
1678
1668
1683
1648
1627
1612
1633
1647
1667
1653
1663
2795
1658
2800
1653
1668
1668
1663
1673
2805
1667
2825
2815
1668
2795
1647
1663
2374
2800
1688
2830
1688
2835
1813
4493
1658
1673
1673
1673
1693
1688
1643
1638
1668
1643
1633
1648
1618
1638
1663
1648
2845
2825
1663
1663
1663
1673
2820
1663
1688
1678
1652
1668
1658
1643
1643
1673
1673
1658
1668
2615
2800
1658
1668
1668
1643
1663
1663
1668
1627
1638
1663
1638
1783
1793
1758
1788
1758
1858
1793
1988
2114
2069
1858
1648
1753
1908
2244
1703
1738
1643
1638
1663
1638
1678
2810
2805
2790
2825
2289
1648
1673
1628
2825
1643
1678
2419
2820
1633
2800
2800
2820
2805
1653
1648
1688
1703
1788
2840
1708
2825
1843
1743
2174
2875
1688
2850
2850
2830
1648
1663
2820
1663
1653
1633
1668
2795
1673
2825
2815
2810
2795
2830
2835
3657
3005
2008
2820
2820
2805
1612
1663
1628
1632
1633
1638
1638
1648
1627
1628
1648
1633
1623
1643
1638
1648
1643
1643
1633
1643
1653
1643
1627
1653
1643
1643
1673
1658
1643
1628
1643
1653
1648
1653
1653
1633
1648
2810
1708
1643
1683
1663
2845
2364
1673
2820
2830
2825
1738
1638
1653
2144
4533
2971
2169
2815
2815
1658
2935
1658
2800
1623
1643
1633
1638
1658
1623
1623
1658
1633
1668
1638
1633
1638
1648
1643
1653
1638
1628
1638
1633
1653
1613
1663
1653
1643
1648
1613
1623
2825
2464
2795
1653
2825
2835
2670
2795
1638
1653
1638
1648
1627
1638
1628
1643
2810
2058
2820
1653
1613
1638
1653
1648
1643
1633
1658
1653
1658
1667
466
1663
1668
1653
1653
1638
2835
2805
2474
1713
1713
2845
6542
1673
1668
2560
1653
1653
1678
1653
3161
4533
1638
4543
1673
1668
1653
2795
2820
2800
1628
1643
1633
1638
2790
1638
1643
1638
1658
2840
1653
2790
2825
2795
1673
1723
1643
2800
2810
1688
1658
2800
1658
1653
2825
2820
2790
1658
2745
2815
1633
1653
2830
2835
2830
2850
2104
2870
1633
2810
1653
1833
1728
2835
2830
2845
1658
2785
1658
1623
1647
1658
1683
1673
1638
1628
1628
1658
1643
1633
1633
1643
1658
1653
1647
1653
1648
1638
1648
1658
1632
1623
1658
1653
1653
1643
1643
1613
1627
1643
1623
1638
1643
1648
1658
1663
1663
1628
1633
3722
1688
2820
1638
1628
2790
1673
1703
1652
1653
1638
1663
1648
1658
1633
1618
1653
1628
1673
1668
1653
1678
1628
1628
1628
1648
1648
1673
1638
2815
1633
1653
1673
1653
1668
1648
1643
1678
1658
1643
1638
1668
2625
1643
1658
1638
2084
1648
2469
1673
1678
1658
1638
1658
1708
1628
1643
1633
1627
1633
1643
2820
1663
1648
1648
1653
1653
1658
2815
2174
1673
2820
2810
2740
1648
2825
1638
2815
1648
2189
1632
1658
2790
2790
1623
1648
1633
2810
2810
2449
1658
2830
1663
1653
2820
2835
4558
2194
2013
1653
1648
2800
1908
1793
1893
1653
2299
2339
2810
2815
2695
1653
1633
1638
1628
1673
2815
1643
1628
1658
1653
1673
1648
2805
1633
1653
2790
1623
1658
2805
1633
2189
3085
1668
2685
2840
1673
1693
1663
1668
1678
1658
1653
1678
1653
1658
1658
1653
2825
2820
2825
1663
1668
2800
1658
2299
1658
4553
1663
4593
6426
1648
1648
2800
2805
2785
1632
1643
1633
1653
1638
1633
1638
1628
1647
1648
1648
1643
1633
1638
1633
1643
1653
1643
1663
1648
1633
1638
1623
1638
1758
1808
1633
1663
1638
1653
1632
1653
1658
1643
1658
1643
1638
1658
1633
1653
1658
1653
1628
1628
1703
2885
1713
1653
2830
1748
1658
1678
1693
2630
2820
1763
2840
3126
2244
1653
1663
1663
2805
1673
1683
2820
1648
2795
1663
1678
1673
1663
2825
1638
2875
2865
1773
1748
2855
2304
2815
1688
1643
1658
2810
1668
1698
2815
1688
1663
1988
1673
2825
2820
2845
2825
1673
1638
1623
1673
1648
1648
1643
1648
1658
1648
1658
2830
2820
2825
2820
2820
1718
1713
2835
1698
2835
2815
2449
2825
2334
1683
2815
2825
1683
2875
1743
2875
2835
1653
2810
2615
2810
2805
2795
2900
2815
2835
2820
2430
2599
2825
2845
2450
1658
1638
1627
1633
1633
1658
1638
1633
1638
1658
1668
1643
1633
1673
1632
1633
1632
1628
1633
1643
1647
1638
1653
1618
1648
1673
2254
1643
1633
1648
2800
2575
1663
1668
1633
1648
1683
1943
1688
1647
1673
1628
1628
1648
1623
1678
1643
1638
1633
1648
1643
1733
1643
1673
1673
1658
1653
1628
1663
1623
1623
1623
1718
2038
1653
1638
1638
1658
1663
2244
1703
1668
1627
2805
2700
2835
1903
1658
1813
1653
1643
1638
1647
1658
1653
1663
1633
1658
1643
1633
1663
1653
1668
1648
1693
1648
1648
1658
1638
1643
1667
1658
1643
1653
1638
1648
1658
1647
1638
1688
1633
1608
1653
1648
1668
1658
1728
1633
1648
1628
1648
1643
1663
1648
1673
1648
1633
1678
1658
1668
2820
1643
1658
1643
1603
1668
1668
1663
1638
1643
1633
1647
1678
1653
1638
1648
1643
1643
1618
1653
1633
1658
1658
1663
1628
1623
1638
1658
1638
1658
1643
1673
1653
1658
1633
1648
2815
2439
2800
1673
1643
1683
1613
1658
2805
2254
1643
1643
2519
2790
1648
1648
2800
1653
2790
1658
2204
1648
1718
1658
1653
1648
1648
1663
1658
1653
1633
1653
1648
1658
1663
1628
1643
1628
1643
1633
1648
1658
1673
1653
1663
2805
1673
1653
1653
1668
1658
1658
1613
1638
1643
1653
1658
1643
1668
1668
1638
1633
1658
2790
1658
1638
1628
1678
1623
1623
1663
471
1638
1638
1668
1658
1648
1648
1647
1653
1633
1688
1658
1633
1623
1648
1633
1643
1643
2835
1663
1648
1648
1633
1663
1638
2810
1658
1653
1648
1663
1663
1653
1663
1667
1663
2805
1653
1623
1643
1678
1648
1653
1653
1663
1658
1633
1638
1623
1653
1647
1653
1658
1648
1673
1648
1653
1663
1643
