361
1683
2124
4513
3962
2119
1608
2124
6046
861
5880
4698
3887
5365
135
120
1668
3802
886
2369
120
1658
1247
3627
3015
4453
3807
1923
2404
1929
3546
1152
2995
2389
3591
1953
2089
1878
2063
1913
2008
1953
1698
416
2394
1608
3115
636
3932
2083
3130
4433
3621
3792
4333
4022
2895
1793
1808
2089
1793
2049
1172
1878
2264
621
1483
2129
1247
1563
296
1337
1237
2078
1643
1247
2059
2053
2069
2048
1948
2069
1903
1858
1703
2073
1894
2069
2624
2239
1232
1252
1668
2064
2079
2073
1998
2083
2084
1257
1678
1643
2019
1272
3566
2069
1522
1853
2044
2059
1978
2039
2464
2039
1783
1342
1427
1738
2048
1898
2088
841
2039
1713
2038
466
2039
1993
2995
2985
1563
2209
1999
1678
2114
1718
2063
2083
3632
2780
3296
1247
2249
2093
2058
3140
2770
3155
2680
4122
3466
3842
4518
3827
3842
4488
1733
1262
2124
3812
3771
3741
3461
1397
4488
3466
1783
4428
3912
3852
2294
2910
1152
2805
606
1072
3877
4468
2244
3536
4498
4528
3797
3501
3501
2770
3807
3116
3556
4498
3190
3821
4443
3681
315
3596
195
1247
1212
2079
1983
2069
1617
2980
3792
4478
3787
3837
2940
1237
1227
1242
2033
2059
2489
3071
2940
2875
4047
4278
4413
2895
3797
3271
2069
1798
2048
1252
1552
3661
2063
2043
1813
2058
1989
1893
2053
1618
2144
2184
2073
2043
2043
2093
2048
2059
2093
1828
2064
1307
1628
1843
1798
1247
2053
1918
3056
1873
1783
2054
1217
1227
321
2108
2024
2019
1668
2048
1237
441
2059
2074
2063
2074
2069
1753
1873
2024
1578
2068
2073
2058
2064
1107
2099
2464
1492
1322
1643
310
1247
1247
2008
2069
1888
1843
1703
315
2064
1783
2104
65
1347
1317
2058
1663
2063
2059
1738
2049
2044
2048
1708
2043
2054
1167
621
1783
1763
1652
2058
2234
2094
2033
1988
2038
220
2053
1242
2048
1808
601
2063
2144
1888
2059
2069
2063
2054
1602
1623
1728
2073
2063
1638
1392
1748
1547
1874
2083
1713
1498
1648
1237
2018
2089
3010
1488
2219
2274
1713
1387
1808
2083
1868
1467
2073
1984
616
2745
2043
2078
2073
2079
2069
1843
1648
2073
1858
1733
2069
1913
2760
1728
3426
3556
1007
2965
2630
2089
3451
1833
2970
2755
3020
3105
3917
2835
2900
3631
1738
3171
3080
4358
2715
3777
3456
4463
4443
4428
3807
4493
4483
3877
4533
2489
2204
2525
2985
2965
1753
2254
4488
4483
1237
1227
1468
2099
4348
2845
295
2269
1252
411
2074
2063
1853
2063
2149
1923
2053
2073
1242
1483
2073
2048
1633
2048
1848
2109
1297
2084
2073
1889
2074
1612
2078
135
2048
2078
1267
661
451
1768
1422
1603
1407
1297
2059
1322
1873
1087
2044
2244
576
1933
2044
1287
2329
1307
2053
2094
355
2044
2084
1828
1873
1959
2063
2003
2835
1793
1403
1678
2068
2009
1798
1918
2159
2069
2129
2073
1863
616
2063
1252
1823
1718
2048
1979
2038
2034
1688
2078
1317
2063
1398
1894
300
1743
1778
1923
2043
2054
2023
1547
1623
1853
1493
1798
2033
2058
2059
2094
2049
1928
2044
2043
1568
1818
2044
391
1738
245
1893
1768
1202
1212
1232
1217
1232
1227
1207
1232
1227
1227
1237
1242
1252
1217
1202
1207
1247
1558
1252
2039
1302
1708
1217
2068
1588
2058
2049
421
2074
2074
2089
2049
2079
310
1723
1748
2064
2064
2054
1152
1443
130
2059
2204
2094
1588
1999
2064
1608
1382
1452
1603
2039
3396
125
2054
2074
2074
1773
1663
2048
2058
2083
1913
2976
1618
2003
2054
2209
70
1603
2059
1748
1618
435
2058
2169
2054
2044
3071
1578
1508
2044
2034
1999
1788
2034
2048
3501
2069
2083
2043
1593
1773
2084
2069
2084
1272
1863
2044
1913
2083
1918
2074
1508
1362
1583
341
2063
1888
1968
631
1889
1838
2053
400
2089
1498
2054
1257
1242
1823
621
2058
1843
320
2074
1763
1788
1878
1858
791
1823
2034
1152
1763
1638
2059
1547
2023
2053
1352
2048
2044
1583
2074
170
1463
2058
2059
2039
2039
1828
1618
1648
2049
1763
1703
2054
1648
1322
2074
1673
2144
1397
1362
1463
1923
2083
95
2059
2044
341
2039
1227
2039
1743
2024
1568
350
616
2049
2169
1788
1613
1452
2063
2024
2064
2069
1477
1798
345
3006
2083
1974
2039
1432
546
1628
2033
1708
1808
1237
1983
1783
2054
1558
1533
1949
1693
1578
1913
2028
1668
2038
1443
1588
1748
2058
1973
1532
2910
1262
2039
1918
2179
1944
1698
1397
1803
2084
2715
1242
1408
2048
2084
2058
1973
1462
1938
2044
2084
2074
1572
3416
2058
1578
2078
1287
2084
1327
2084
1818
1943
1357
1813
1908
1688
1663
1853
2074
2068
150
1362
1282
1838
1653
2019
2068
2094
1598
1888
2069
1763
2084
1753
1663
2079
2063
2064
1658
1693
2073
1993
2159
2084
1883
2074
1247
1813
2064
2073
1678
2079
1848
1563
2079
2084
2084
1903
1623
2084
2073
2064
1483
2059
2063
1948
1893
1357
2053
1242
1758
1357
1833
1508
2073
1332
2063
1893
2064
2059
1743
2089
1468
1132
2074
1773
1958
1252
1693
1563
1733
95
2915
1542
2074
2054
1317
1668
406
2088
2094
1934
1618
3772
1793
2068
1508
1823
2059
2064
1658
2064
1718
311
125
1888
1949
2084
2099
291
1643
1437
1653
2133
2083
2134
1978
300
1858
1252
2054
2063
1798
2069
2064
1753
2058
1834
2084
2064
2073
2064
2179
1743
1938
1212
1988
1908
2043
300
1257
1868
1227
1212
1242
1247
1242
2068
1227
1262
2064
2069
1743
340
1623
2089
1262
1743
1663
1252
2073
2073
1252
1232
1237
1212
1267
2068
2073
1422
2083
1758
1929
1247
2073
2044
1447
2078
2088
2033
2084
3507
1232
2049
1493
1493
2084
1232
2074
1097
1999
1157
2199
1858
2074
1613
2063
2064
2074
2064
2068
1813
2084
2425
2084
2985
2069
2078
1823
2054
2054
1217
1513
1302
1898
2059
2044
2054
1358
1222
1613
2063
1633
1743
1983
1217
1618
295
1658
1222
1834
1593
1232
1257
1808
4177
3276
3111
2139
1798
4503
3376
3822
2379
3491
3191
3812
3586
3722
2665
3216
3476
2069
1367
446
2049
1753
1497
2008
1913
2149
3567
2990
3897
3516
3486
1272
1222
1513
1302
1237
1688
2018
1232
1377
1257
1242
2058
1808
1683
2043
1207
1232
1222
1232
1227
1252
1262
1232
1247
1252
1267
1227
1242
2349
2079
376
1257
2074
1778
2064
1247
1247
1302
1237
1237
1242
1257
1247
170
1262
1257
1222
1217
1222
1402
1257
1242
1413
1252
1352
1252
1598
1242
1423
115
1919
1783
2074
1738
1257
1443
1798
1748
2059
1798
2054
300
80
1402
1868
1778
170
2083
1698
1448
1232
1683
1247
1247
110
2059
2079
2023
2059
2069
1903
1978
1247
1652
1257
1252
1232
2074
1313
1818
2063
2064
1843
1242
2063
1512
2063
125
2068
1643
1658
1513
2023
2054
1953
2064
1658
1232
2049
2064
3296
2083
2069
3601
2049
2550
2058
245
1227
1227
2074
1984
656
2078
2019
2069
1898
1623
1848
1317
1693
2078
1853
310
2078
1317
1693
1242
1127
1688
1923
1773
2078
331
1262
2069
1237
1257
1247
1242
1252
1838
1372
1262
1257
1242
2064
1202
1447
1838
2064
2745
3647
2094
1643
2094
2059
2053
1247
2064
1237
1528
1257
2064
1763
1753
1242
1267
2039
1282
2064
2069
1373
1693
2049
2600
1868
4293
3025
2078
2054
1743
1262
2054
906
55
2048
1252
1227
1222
1237
1247
1237
1237
2004
1252
1242
1247
1553
1984
340
1247
1257
1222
1237
1212
1227
1242
1232
1858
2645
3141
2068
1257
1898
1518
1813
1778
1207
1212
1227
1217
1252
1242
1237
265
1267
1562
306
1553
2074
1648
2084
3542
2459
2099
1753
1828
3306
1593
1237
3100
4253
1773
4333
4313
4032
2990
3657
4157
1177
2073
350
2079
2083
2074
305
1242
1578
1272
1377
1507
1442
2063
306
2049
2083
2018
1132
1653
1983
1242
2028
2073
2084
3161
2990
3346
2655
2610
2059
2078
1858
2073
1813
2084
1252
1653
2093
1678
2103
1828
4168
4313
3737
2009
1458
2059
160
160
1212
1863
2073
1748
2064
2084
1277
2079
1418
1793
2059
2064
2069
1447
1808
1252
636
2815
2073
1944
2073
2074
2084
1653
3977
3201
3371
1748
2089
1252
1257
1262
1167
1633
1963
1908
3040
2074
2064
1863
1878
1252
1247
1798
2069
1257
2084
1102
1818
1277
2064
2074
2074
786
2063
1673
310
1583
2074
2059
1838
1242
1252
2079
120
1388
1312
2053
2059
2079
2078
2064
1583
1287
1252
2064
2084
3732
4503
4543
1983
2484
3677
3882
3581
2805
3807
3507
636
3872
3541
3461
4473
2484
3431
3817
901
4333
3772
1247
1247
1407
2094
2053
2069
1948
2088
2189
3461
4082
3802
1247
2254
1879
3331
2625
3532
3817
2624
4548
2089
1006
4238
2054
2099
1257
310
1758
1382
1648
2108
1903
1928
1262
1618
2063
1543
2073
3181
4508
1938
3726
4568
846
1538
4483
4548
3491
3386
3802
4533
3521
4533
2104
1698
2089
1222
1222
1312
1993
1683
2089
2088
2103
2104
1117
2093
2108
316
1663
2073
1918
2098
2093
1928
1758
1648
2068
2063
2084
316
2058
1638
3712
3897
4448
3371
3597
4438
3977
2434
3090
3351
3561
4493
3201
3782
1227
2484
3431
1868
3451
3476
3501
862
1638
3306
3031
2234
2104
2063
1613
1142
2079
1563
1577
2063
2083
1242
2083
2064
1848
285
1653
2089
2054
2079
2083
2083
2063
2104
3356
3747
4654
2505
2144
2069
1723
2073
1678
1953
1292
2073
1923
466
2069
2068
1678
2058
200
2059
1442
1442
1337
1798
1838
2079
1117
2054
2088
2044
1783
2079
120
115
2054
2089
1247
1252
1643
1848
1612
1638
601
1793
3822
2069
1272
1588
2003
2079
2064
2059
1703
1968
1537
2074
2063
1783
2089
2088
1843
1783
1883
2069
2078
2054
1418
2083
1968
1903
2073
1928
2079
1868
2094
2079
2083
1492
1663
1768
2073
1773
1523
1668
1513
1838
1507
1728
1918
1252
2043
2094
2073
2059
2073
1894
1733
516
2073
1858
2068
1503
1718
2074
1718
1923
1898
1242
846
2004
2079
2059
1773
2079
2089
1828
1613
3271
1518
1943
1868
1778
2069
2084
1267
1994
2044
1773
2054
316
1863
1563
1603
1783
270
2059
1833
391
2073
2404
1873
1993
1813
2068
1282
1818
2955
2078
80
1788
2064
2063
210
3456
1738
1873
2068
881
1758
2048
1943
2069
2074
1813
2069
1798
2083
2189
2078
1748
1818
2064
2104
1703
2104
1843
916
1944
1733
1893
2068
2109
2038
2068
1883
2008
2064
1823
1132
1643
2058
1503
1838
2369
2043
1513
1933
1473
1723
1242
2088
1718
2063
1277
1738
1237
1883
2109
265
2048
1683
1783
1898
1247
2089
2074
1773
1879
1998
626
2083
2064
2073
1508
2044
2069
1773
2124
110
2108
1743
2064
1873
2068
2089
1823
2079
2084
1933
2084
2109
2064
1733
1643
2073
1939
1818
1202
1803
1753
1813
1267
306
2058
1863
2054
1733
1793
3451
3642
2294
2084
1833
2068
1227
2058
1728
1608
1888
1974
1743
2068
1683
1568
2008
180
2144
90
2099
2975
2224
1733
1222
1277
2244
1828
2554
1878
2074
2074
1317
1417
2109
1838
1628
2073
1628
1863
3832
3176
1783
2083
2414
3386
1668
1953
1888
1698
1728
1543
320
2128
3301
2064
2073
2074
2099
2093
1858
1758
1648
70
2089
1287
1994
1533
1643
2064
345
1698
2079
2079
1978
741
2078
1633
1993
1597
2069
1758
2043
1252
1688
1352
1758
1678
335
1522
1978
1262
2069
1513
1893
1873
2013
1928
2088
1848
1332
330
1638
165
551
1437
1362
1843
2078
2284
1738
1467
2069
2079
2084
1452
2069
2059
2078
2134
385
2029
1938
2094
1803
2053
2084
1638
1528
1798
2089
2078
851
1868
1858
2068
2089
2063
1237
1252
546
2309
3000
1633
325
1282
1332
2094
1487
2063
1838
1793
2083
2079
2034
1959
2099
3426
1718
1954
3516
2079
1377
2064
105
2004
1648
2059
2078
250
2063
1873
1317
2054
2073
2244
2059
1923
2103
2079
2264
1232
1638
3046
3100
636
4393
3166
3096
2935
3501
866
3496
1242
2104
1793
2079
2439
761
2044
1648
1673
1873
2074
2099
2069
1853
1743
1753
1953
2089
2084
2079
2079
2073
2074
1708
2063
1868
2079
1242
2083
1137
2079
1618
1448
3351
1132
2003
2074
2078
1783
2069
1543
295
1512
1242
1157
335
3076
1222
2073
1507
1838
1993
3466
3862
2144
1247
2770
2269
1112
3697
1282
2058
2053
2069
2054
1663
2069
1708
2073
1918
2835
4338
3046
4323
3096
170
1252
1557
1252
310
1778
1618
1217
1347
2064
1773
2054
2068
1237
315
1473
1552
1973
1247
1242
360
1798
1658
1698
1748
2099
1443
1738
1853
2078
2024
2083
1913
1798
2063
1723
1688
2079
2068
2048
1838
2079
2079
1958
2099
2094
1823
1643
2069
1848
2073
140
1928
1247
2004
2069
2084
1983
1778
2078
1943
1758
315
2875
2058
1753
2063
1067
2043
2074
1728
1222
1242
1277
1327
1948
1287
2054
1838
2063
1598
1843
2079
2054
1833
1723
1392
1453
2705
2079
1648
1512
1407
1718
1598
2049
2059
2083
2088
1487
1603
1407
2043
2079
2084
1302
2094
1528
1588
2024
2054
1813
2073
1507
1728
1968
2089
1768
1743
2059
1878
2239
1893
1783
611
1969
120
1973
2089
1989
1718
1117
1673
1658
2078
2084
1858
1853
987
1272
1397
1432
1613
2073
1883
2043
2074
1477
2093
1397
2069
2039
1903
1993
175
2063
305
1879
1703
1603
1808
2094
1567
1618
1508
1548
1673
1262
1623
2214
1943
1613
1748
2048
2088
2114
2054
2099
2079
2960
3326
3180
2760
1678
2074
320
1668
2079
1362
1723
1227
2078
1998
2074
1387
1783
2084
2244
1272
1512
1377
2083
2079
2063
2058
1227
2083
1948
2064
2064
2064
1633
2079
1262
305
1668
2073
2078
2079
1708
2059
2149
2710
1843
1673
1668
1818
310
2129
2048
2038
2083
2054
1477
746
1848
1237
2084
1748
1573
2229
2344
2058
2084
1508
2064
2049
1693
2790
1718
2099
3746
3777
3862
215
917
2720
826
631
2058
2079
2074
2264
3060
2069
2073
1898
922
1808
2059
2073
2023
1282
2089
1984
1177
1923
2094
1963
1984
1568
1703
2044
1332
2054
1448
1969
2089
977
1237
1778
1598
947
1087
1523
2049
1633
416
2069
1858
1983
2064
1638
1768
1708
3446
3015
3050
2073
2064
2044
1643
1107
3596
2044
2069
2068
1898
2019
4523
4182
3526
1683
3792
2219
1979
3511
3581
3862
3386
3160
2224
3857
3281
1232
3822
3121
2495
1262
1257
1878
2078
2084
2078
2028
2073
2059
1247
2044
2078
2079
3256
3747
952
3426
2108
1808
2098
2083
3837
4483
3736
2129
1522
3456
3937
3797
1507
1773
2915
3561
3591
3581
2850
2314
3461
3381
4503
4508
4578
4558
3025
3431
2088
2089
1577
2088
2099
1903
3436
3571
3496
3121
2840
3736
1963
4228
3491
2319
3762
3491
3531
3877
2670
2394
2069
2064
1593
1973
1833
291
2069
1683
2059
1477
1247
1237
2058
2084
2099
1938
2103
1217
1002
2995
4308
2960
1227
1247
2039
1247
1242
1788
2054
1613
1848
2074
1252
2083
2033
2073
1803
1808
2048
2089
2064
1768
1282
1483
1468
1888
1813
3747
2750
661
1788
1718
1247
2053
2078
1487
2469
3020
3807
2073
1527
1673
1092
1137
2054
2068
2048
3711
2053
1893
1743
2034
335
1908
3206
771
3662
2078
1848
1518
1367
2074
1317
2089
2590
1778
1487
2053
1693
2083
2084
1803
1242
1247
1843
1803
1678
2079
2084
1678
1668
1232
2079
1658
1913
1848
2069
2059
1858
1548
2053
1993
2059
2053
2059
1833
2008
1798
2098
1297
2079
1833
315
1833
2064
1598
2244
2690
2980
3031
3130
3271
3531
3887
3601
4528
4528
3456
1763
1888
1858
4503
4508
3857
2685
3200
2725
3036
1247
2073
1262
2079
2049
2524
3712
3481
1858
611
3516
375
2083
611
1979
305
2064
1192
2109
2089
1743
852
3486
1713
4528
3476
2820
4478
3677
4428
1272
1317
1603
2084
3005
3887
4513
3842
887
4453
4498
3537
3827
3566
3296
1928
3687
3912
3501
3837
4478
3020
1863
2093
1878
321
2104
2094
2094
2094
1668
2068
2244
3516
3822
3451
4498
3691
4503
3326
4508
4488
4483
4508
1773
4343
4388
641
3631
4378
2023
1302
2089
2064
2078
2073
1217
1843
2048
2069
1598
1663
2083
2064
2063
2063
2059
1668
2044
2068
1287
2058
616
1528
1493
2079
2064
1433
1618
1568
1994
1302
1758
475
2093
1768
2104
2044
1753
1693
2059
2084
3351
2093
1237
2520
1999
260
1678
2084
2514
1628
1282
291
320
1913
120
2033
2068
2074
1828
1913
65
1488
1848
2053
2074
1868
2084
2099
1227
2058
2064
1327
1753
2079
1432
1212
1227
1257
1422
1938
2084
1998
2063
2083
3411
932
3877
3431
4533
3471
3561
3551
4478
2074
2083
1332
2074
2079
2083
2094
1593
2094
1222
2094
3541
2299
505
3291
3071
2970
2825
4473
4348
3221
3135
2079
2069
2063
1773
1623
1713
2078
2073
2083
1753
2059
2068
2004
2083
2084
2049
1984
1427
1613
1963
2083
1673
1833
2098
1718
1252
2064
1978
100
1783
2018
1788
1743
2083
2189
1698
340
1237
1001
2980
2194
2249
2083
1708
656
2099
341
2024
1788
1833
1883
2985
1913
2078
2079
285
2059
1598
2624
2064
1818
3621
4513
4503
3842
2374
3446
1262
3476
1247
2038
2078
1843
1438
1898
3531
3807
1908
3501
3902
1713
4518
4558
4558
2610
290
1808
1608
1608
1207
2064
2074
1888
1848
2099
2078
2088
1908
3536
2705
3827
4543
3491
3792
3491
3747
3692
2214
3716
3762
3316
3897
3832
3807
2104
1853
446
2084
2079
4508
225
3406
1002
3541
4448
3306
2805
3491
2439
1473
3827
4478
886
2214
1893
3777
3812
3862
1808
2059
3511
2389
2269
3792
2239
3501
3521
4548
596
3025
1087
3076
3156
1873
3501
3511
3025
836
3787
4498
3521
3812
3862
4553
3877
3692
3546
4503
2560
3777
3466
3622
4498
3802
2043
3747
2244
2790
2089
2945
2179
2074
2058
1898
1948
3036
280
1582
3496
3817
3847
4513
4538
3471
4513
3862
4503
2955
2850
2464
2635
3752
4313
3071
2049
1888
2068
290
1743
1728
1563
2063
2068
1943
2264
2054
1723
1632
1883
2088
1823
2099
2084
2058
1723
4488
4182
4448
3847
1267
4513
3511
2089
2109
340
1438
4553
3546
4543
2655
2424
3080
3020
2184
2860
2504
2455
3135
2069
1242
1863
2079
1467
2074
1713
2054
1663
1362
2064
2775
2089
2043
2078
1643
1608
1618
1302
1758
1282
1883
320
2089
2068
2059
1593
1688
1773
2113
1257
1608
1442
2058
1252
1893
1868
1628
1713
1743
1813
2164
1613
210
1252
2063
2064
2088
1287
1708
1528
1953
1833
1402
3436
2845
2014
2083
1918
2109
2069
3406
305
1813
2078
1502
1943
1943
2058
2064
2068
1803
2058
2073
2069
2089
2088
2048
1327
1963
2089
2064
1964
2079
1743
1302
1778
155
2089
2059
1347
2058
2073
1928
2014
2073
2094
310
2074
1377
1959
2048
1893
1808
2099
1818
2079
1588
2088
2089
2069
2068
2064
1893
1823
1683
2079
2079
1467
2069
2309
2094
2089
140
2063
2084
1582
2064
1272
2079
1573
2084
2084
1412
1087
1898
1703
2078
2064
1633
1898
2059
1978
2073
1943
2014
2059
1913
145
2063
1728
1823
1467
1753
1663
1377
1538
2064
2059
1713
1933
1428
1898
2063
1823
1938
2078
2109
2069
2078
1718
2074
2499
2339
130
2074
2059
1608
2058
2073
380
2074
1848
1818
2565
1643
1327
1568
2064
2064
2089
651
2004
2074
2089
2244
1422
1407
1337
1593
1868
1949
2059
1763
1838
1307
2860
320
2064
1337
1483
1382
1237
1888
2073
2049
2084
2084
2064
2068
1432
1687
2068
2013
2064
2068
2053
1107
2073
2079
2084
1944
2049
1277
1863
651
1127
1803
2069
1783
2088
1788
2079
1758
2089
2059
1803
1653
1938
1843
2068
2058
1758
2079
2043
2069
1252
1888
1908
1392
1788
1648
2054
2074
2073
1688
2660
2064
2088
2078
1242
145
1698
2068
2053
2074
2064
1482
2089
310
1272
2073
2018
1873
305
1723
2069
1763
1668
2089
1698
1713
2078
1788
2064
2068
1718
2073
2059
1533
1893
2078
1783
2099
2038
1803
1493
2264
2063
2063
2083
1833
1823
1733
596
1247
1217
2058
2069
2064
75
1568
2054
2063
2034
1257
2084
2089
3576
3877
3125
2108
4097
2068
2074
305
1327
1818
1668
2058
1653
1843
350
2053
2429
2910
2068
2064
1192
2073
1612
310
2048
305
1713
1528
1483
2078
1923
1282
1663
2083
2058
1508
1468
1863
1934
2078
1362
1462
1663
2044
2895
2068
2089
1758
2069
1437
2189
1933
2079
1507
1638
1828
621
2078
1818
2074
1813
1438
1603
2074
2088
1227
2063
2068
2068
2059
1573
105
1568
1638
2064
1808
1132
2064
1438
1803
2089
1723
2053
1763
1753
2609
2424
1718
2079
1803
1668
1908
1467
1533
1633
1352
2063
300
1513
1643
1613
1738
1958
2079
2089
1622
1307
1793
2078
1482
2039
1483
1868
2073
2079
1222
1217
3056
2635
2539
2504
3010
2058
305
1763
1397
1788
1232
2069
1718
2088
1167
2975
2069
2004
2069
1823
1683
2068
1668
1953
2149
1658
1212
1858
1788
2043
2074
1087
2154
1763
1628
1708
1918
1838
1778
1492
1903
2750
1823
1448
2088
1803
2054
1713
2058
2038
2064
2053
1533
3521
1593
2480
1913
1778
2084
2029
1432
1513
2068
2078
1758
2069
1648
1578
1447
1753
1974
2059
1938
1192
150
1839
1958
2314
2048
310
2073
2064
2073
1242
2064
2074
1347
1763
1318
1242
1077
3100
1492
2079
2074
1663
1573
1843
1908
2068
1813
2304
1853
3637
1873
2069
3005
2073
2053
2840
291
1658
2104
2078
3201
2083
1743
1743
2294
1763
2064
1868
2074
1773
1437
1673
2048
2073
871
1733
2093
2068
2304
1968
1583
1257
1322
75
1893
1658
2088
1568
2014
1793
1437
1593
2069
2053
2054
2049
1818
2464
2058
2079
2068
1758
1703
1468
295
2064
2148
2059
2063
2074
1933
1913
2074
1458
1337
2078
426
1878
1602
2109
2084
1898
3666
2048
2073
2019
1487
1903
1302
1232
2058
2079
1833
1778
2044
2059
2024
2083
2063
1883
1853
1437
2054
2058
1793
2760
1939
1898
1833
2069
1257
2039
2064
1848
2069
2064
1623
2064
2073
375
1668
1222
2079
1488
2079
3186
3136
3081
2224
2079
1898
2069
941
2164
606
2690
4082
2770
967
3366
3111
3812
2645
3075
1217
2073
1878
2094
1658
2073
2068
1803
2089
1738
2134
1693
1793
1803
1803
2059
1678
2084
1387
1954
2134
1397
1563
1788
1202
2059
2058
2074
2074
1623
631
135
1843
1903
2064
2063
2068
2069
2089
1653
1638
2069
1989
2059
1874
2459
2074
1302
431
2074
1763
1533
2074
1949
2088
1963
1412
2054
671
2099
1668
1753
2084
2109
1583
2079
3426
2414
3476
1788
2099
2059
1818
2039
1197
310
2109
1998
1973
3506
165
2069
2089
1823
2069
2068
90
2018
1367
1928
2054
1693
2024
2073
2063
1633
1923
1242
2074
2084
1357
3020
2054
2103
1292
2019
1638
1979
2074
2019
1297
2059
1798
1663
2109
2074
2094
1819
1928
1703
1879
2064
1858
1999
2073
1728
2064
320
2019
1904
2855
1237
2073
130
2064
1117
1954
1608
2059
2064
3126
3070
2034
1222
1262
1563
2064
1958
1573
2059
1382
1392
1433
2063
1548
1613
1267
1242
1177
1458
1653
2064
2019
2079
1442
1758
1638
1498
1988
1838
1948
2073
2038
606
1653
2053
1633
976
2088
2169
2099
2073
1528
2119
471
2063
1438
2034
2049
2084
2079
2269
2079
1969
2064
1237
2059
2094
1713
1798
2094
2064
1908
1447
2089
1923
2058
2204
2059
1628
1758
1913
1688
1838
1277
1718
2068
1603
2089
2069
1663
2129
2079
2244
1743
2053
2074
1708
1698
2074
2069
2074
926
3006
3021
3041
2595
3036
2570
2449
280
1973
2549
2840
3451
3847
2384
2450
3141
4508
4458
3847
3702
636
3517
3471
3411
3777
1623
1237
2094
2083
2109
2790
4523
4548
3572
4493
3837
3291
4498
4524
4142
1247
1242
2094
1237
2058
2063
2104
3496
3566
2324
3040
2069
2079
1538
2990
1407
1578
2074
1799
1878
2064
2735
4493
996
1257
1252
2068
1257
1828
1984
1112
1753
2089
2038
2089
4102
4493
4453
3687
3501
3476
1868
2069
290
4513
4528
4523
3852
4533
4033
3802
4508
4463
4538
3206
3512
3702
3747
3481
3491
4443
3351
4338
4353
3677
3722
4007
4007
4353
4308
4323
4378
4288
917
3331
4193
4203
1197
4313
3266
3091
681
2074
1778
1272
1914
2054
1222
2038
1828
1834
2059
1924
2078
2059
1773
1618
1377
1788
1813
2139
1332
2068
1808
1553
1638
1683
315
2069
2084
1843
2084
1232
1573
1903
340
1843
285
2073
2074
2064
2069
1909
135
1989
2069
1958
2008
2074
336
2054
2079
305
1868
1823
1903
1428
1387
1643
2068
2078
1252
1888
2069
2069
1633
1287
1999
2790
355
2324
2735
2309
490
1408
2980
1728
2059
1728
2073
1733
2153
2044
1713
315
2064
280
1648
2053
2069
1673
1783
1668
1713
1643
1247
1267
2094
1663
1377
2069
1853
1713
2068
1663
611
1603
1623
2069
1733
2079
2054
2073
2098
1543
2064
1713
901
1798
1448
3231
3862
3496
3887
3506
3271
3742
3892
3952
3917
2354
3637
3767
3556
2074
3221
2074
175
3722
4508
3646
1623
3842
4473
1237
1242
1457
1242
1242
2079
1578
1222
1237
1247
1212
1212
1227
2094
1247
1222
1207
1798
1247
1247
1217
1507
2063
1247
1242
1212
1252
1538
120
1207
115
1412
1598
1222
1252
1212
1528
1232
1232
1257
1222
1357
1252
1898
1252
1242
1227
1242
2054
1227
1227
2089
1237
2074
1247
1302
1237
1247
1242
1232
1237
1237
1758
2059
1252
1237
1242
1247
1217
1232
1242
1247
1237
1813
1232
1242
1232
1533
2083
1242
1237
1227
1207
1202
1217
1237
1247
1217
2054
1473
1568
1728
310
1232
2063
2053
2049
2043
315
1693
2064
2054
2074
1783
1693
1267
2059
606
2078
2059
1197
2074
1688
160
1748
2059
2069
1793
1994
1934
1768
1362
1643
1542
2058
1768
1878
2078
1412
1748
2073
2064
1392
2044
1863
2119
1558
2083
2084
1567
1437
1723
1919
2064
1673
205
1878
315
1628
1763
2074
2068
2074
2073
2069
2073
1718
170
2059
1708
2079
2079
1948
1437
2054
2063
1903
2069
1763
2209
1633
2064
1753
2064
2088
1798
2084
1242
2034
2064
2088
2078
2064
1793
2104
1848
2079
1382
2084
1808
2139
1618
2054
1798
2069
1898
1778
1467
1768
1968
1683
1743
1728
1828
2064
2073
2039
1608
1347
2038
2024
1432
2078
1693
1688
2008
2074
1843
2069
1883
2063
2063
2064
2074
1893
2129
2073
1653
2073
2103
456
957
2083
1928
1603
1648
2024
1327
1282
1848
1542
2059
1162
1442
2084
2063
1863
616
2064
1477
1623
1913
2064
2059
1753
1979
1247
1247
1237
1362
1437
2064
1628
1848
2089
2058
1998
1743
1803
1973
1788
1703
2053
2034
2224
2083
2074
1583
120
1733
1628
2073
2074
676
1838
1863
2064
1292
1943
2079
2064
2074
2088
2064
1703
2074
2084
1848
2059
2054
2064
2064
2069
2074
2074
1708
2044
1663
2059
1913
2064
2324
1838
250
2089
1137
1542
661
1558
1623
1573
1733
2028
1492
1492
1808
1813
2134
1693
1513
1773
1693
2640
1182
1618
1893
1418
1252
1883
2058
2068
1613
2058
821
2770
1893
2088
1838
1928
1868
621
2068
2073
1993
2088
2094
2064
1633
2009
1863
616
2063
2053
1763
1743
1663
1718
1542
2084
1984
1898
2064
2073
2069
2063
1503
1808
2063
1938
1638
1808
1327
1859
2049
1197
1848
2084
2069
2058
1468
1563
1953
1477
2109
326
1969
2068
1212
1217
2074
1963
2074
130
1748
1548
1718
2079
2034
2094
1643
130
1863
1503
2049
2074
1237
2054
1623
2073
1758
626
2109
2079
1733
2088
952
766
1878
2534
310
1698
2109
1693
1077
2089
2083
3502
2008
1763
1773
1828
2083
1543
1638
1633
1162
1603
2089
2089
2003
2585
1673
1653
2079
2064
1773
2049
2064
2073
370
1522
2058
1753
1763
1813
1898
1598
2219
1918
441
2089
2084
1437
2169
2059
1703
1157
2084
1593
2083
2064
1944
1252
1668
1407
1868
2054
2199
2059
1763
2074
3451
1392
1483
300
2074
1768
2054
2219
2274
3521
2149
2094
1317
2084
2053
1958
2064
380
65
230
2058
2039
2033
155
2063
1678
1262
2079
2084
2089
2064
2073
2078
932
2044
1287
1683
1733
1983
2053
1422
471
1623
1768
2054
1513
100
2154
265
1808
1588
1453
1828
2088
927
1823
1988
1838
2073
1488
431
2069
1668
2049
2084
1417
651
1999
2053
1833
1728
2064
1623
1833
1984
306
2009
2074
3471
1257
1262
1929
2068
1979
1643
866
2084
2189
2073
2064
466
2113
2078
1733
2074
1418
1773
1543
2068
2089
2068
1673
2068
2074
1643
316
2565
2654
1518
2068
2089
2068
1838
2074
1367
2078
1648
2069
2124
1618
1242
2064
1683
1302
2029
1257
2054
2069
1808
1878
1287
2069
2083
1447
2068
1462
1688
2665
1563
1939
2018
2084
1713
2054
1237
2064
2074
2069
1743
2084
2079
2063
1828
2099
1673
2074
2004
1718
1242
2098
1593
3376
2073
1477
2079
1753
1833
1342
1989
140
1528
2073
1362
1668
1688
1598
1883
416
2073
2083
2078
1538
1843
2079
1788
2069
80
1793
2058
2119
2068
1778
3346
1903
2029
2615
3722
2068
2049
1918
972
2074
2068
2439
4298
2555
1998
2053
2083
1512
1502
2074
2064
1488
1663
1292
1177
1988
1633
2069
2074
2058
3120
2079
3351
2078
3361
1993
2094
2094
2058
1818
1728
2089
2079
2259
2073
1678
1502
1603
1458
1854
1868
1688
1517
1838
1903
1362
2069
2059
2064
1788
2068
1698
1698
1357
1412
2064
2078
1999
1022
1247
2063
1242
215
1358
1698
2059
2104
2049
1603
2064
2068
2063
2054
1863
1613
2044
2058
1463
1848
2028
2034
1623
2084
2109
2078
1999
2069
1783
1973
220
3371
2054
3456
3731
3541
1252
2630
3486
2730
3526
2690
1994
2154
1262
1247
1247
1678
1889
3527
1257
3486
1227
3712
631
1247
70
2079
2079
3386
4443
3401
3767
2154
1778
2053
1823
2104
2068
2029
1874
1803
2078
1518
1608
305
3001
1653
1768
3902
4473
3852
365
3100
2805
3987
4453
2083
2089
1868
3431
4468
3516
3356
4353
385
3882
4493
3421
3812
3046
2104
2059
1853
1808
1593
1793
1547
1237
1788
2053
2074
2063
1843
2064
2084
2054
2059
2068
1603
2119
2068
2069
1673
2054
1628
1442
2063
95
2069
1347
2044
1532
1483
2064
1342
656
2068
1768
2079
3256
3446
3867
3897
3837
4152
3456
370
1543
3732
3381
1247
501
631
1863
3446
371
3015
4368
3476
3506
852
3887
3441
2214
1257
1678
1337
306
2068
1578
4488
3807
2775
4523
2104
2069
376
2114
1968
300
1628
1773
1633
2083
1798
3341
1793
1803
2064
2079
1758
120
1708
2079
2114
1853
1257
2073
2058
2059
1282
1242
1247
2139
2670
3421
1623
1823
1247
1843
2309
3787
3556
2369
1973
871
265
641
3992
3466
3577
4438
3547
4508
2850
2029
2119
3686
836
4513
2519
4533
3902
4508
3927
3882
4553
4574
4583
4453
4498
976
2745
1828
3546
4152
3867
1873
4503
4518
4513
2269
4528
3547
3877
2058
2034
2084
2269
2279
2640
2765
2088
1874
1252
1994
2074
1688
1873
2068
1823
2083
180
1688
2053
1242
2049
1688
2063
2008
1327
2069
1703
150
1948
1322
1808
2053
2068
2058
1603
1823
2054
1938
2059
1713
1222
2174
1643
2048
1868
2083
2069
1778
852
2063
170
2139
1698
3030
115
2059
1743
2073
2058
1798
1252
1573
1578
1808
1066
1688
1923
2069
2099
2079
295
2059
1914
2124
1252
2068
1728
1733
2073
1728
2034
1257
1623
306
3376
1648
1918
1658
2054
1863
1868
1753
2079
1723
1598
2079
1833
1873
2068
1608
1222
2034
1217
1928
1242
1593
2073
2064
1252
1382
1943
1302
2069
1588
2059
1838
1648
1493
1367
1968
2028
2088
2064
1753
2074
2064
1808
2685
2063
1112
1512
2063
2069
2044
1783
2014
2059
340
1933
1944
1768
1798
2084
1267
1788
1317
2094
1748
2069
1137
1828
2074
1583
2084
2079
2079
1858
2058
3216
1763
1272
1823
1588
1943
2089
1783
2084
2469
1999
3542
1467
1958
2079
1748
636
2359
376
1908
1788
1673
1753
1683
1793
1612
2058
1783
305
1964
1803
1838
2048
2054
1858
2074
450
2059
1643
1863
2119
1477
2059
2069
1457
1858
2069
1763
1858
1648
2610
3396
2775
3065
2063
1242
1758
1823
1828
1833
2079
2349
2094
1788
2059
1708
2074
1678
2079
1954
2104
2063
2048
1958
1588
1843
2063
1282
1407
1608
1778
1768
2034
1818
125
2064
1803
2069
2059
2229
2750
2445
2048
1768
2004
1603
2064
2073
2089
2384
3231
2019
2079
1988
1523
1678
1853
2068
1342
1072
2068
2089
2069
1237
1768
2079
646
1658
1317
2073
2049
2079
1387
2083
1297
1252
2069
1693
1232
1252
2074
1648
1237
1257
2089
2069
2098
1297
2189
2074
1472
2164
1949
4288
2700
3541
3131
4478
3717
3401
3456
4248
2855
3551
3311
3722
1252
3466
1247
2068
2094
2053
1948
1618
2074
1718
3511
3521
3105
3596
3767
2078
3180
2670
1267
1252
651
1728
2078
2064
1663
2069
2088
1242
1918
1728
2063
2059
1888
2063
1818
471
2073
2059
2054
2074
2074
2088
2104
2049
2068
1788
616
3586
3787
3762
3796
3481
3537
3992
2835
3476
3481
3401
3616
3116
3557
4508
2364
3711
3482
195
3882
641
3561
4524
3827
921
3727
2054
1287
3271
3491
876
1247
3446
4047
1843
1868
1853
2073
2023
3757
3897
3471
2194
4493
4453
4498
4508
4533
2229
3521
1983
3426
2074
2089
2004
3852
4518
3396
1783
2199
3792
4533
3441
1648
1518
1347
2088
2059
2083
115
2059
2074
1768
2084
2555
3446
4528
3822
4538
4503
4513
3587
4498
4097
3411
3556
4463
4468
872
1668
4478
4458
4483
3822
3862
4473
4488
4493
3431
3616
3767
3491
4488
3752
4493
4483
3436
2675
1668
1613
2103
1698
1693
1693
2084
350
2078
2089
3481
3211
1463
3506
2981
3211
3747
3471
4383
1688
3421
3501
3797
3186
2745
3752
4443
3481
2069
2063
1843
295
1297
2124
2094
2640
3120
3025
2955
2449
2079
3000
2670
3015
3742
3777
3466
1788
281
3747
1753
3877
2815
3646
3281
4433
3837
3792
1493
1718
616
3401
3867
2965
4543
2419
2024
4428
1798
2073
2074
1272
1272
1252
1888
2094
3456
3391
3777
3737
616
2074
2069
1718
381
3771
2059
3506
4473
4243
3867
4478
3471
3907
2534
2500
3752
3501
3812
3727
3757
3827
3592
2069
2074
2084
1613
1988
2079
2449
1187
2710
3176
2569
2780
3020
3025
2559
3100
2910
2184
576
3180
3170
3085
2830
2629
1417
3125
3842
2059
2289
2054
626
1007
491
2084
1688
1708
1913
1217
2069
2059
2024
1713
4468
3777
1748
2084
1237
1237
2058
1257
1888
2064
1372
2068
2078
3441
4418
4473
866
4468
3782
3772
4503
3767
4508
3461
3802
3822
1638
1673
2088
1147
2079
1668
2018
2084
2068
2079
2074
300
2094
2094
2074
1292
1949
2104
2094
2078
3651
4564
4538
4483
3481
4478
2795
1928
3817
3546
3567
2755
3842
4543
3902
2665
4498
3857
3281
3446
3892
4503
2740
3552
4493
4518
4538
3361
3877
2845
4538
3822
3872
2625
3451
2079
3857
1873
3426
265
2565
1783
3506
3847
3847
3712
3857
4503
4508
2103
2068
3216
4308
2820
4303
4338
4323
3266
4292
3236
4318
3015
3045
3035
3061
2449
2775
3005
3010
1848
3687
4303
4277
3301
3176
2064
2565
3030
3045
2685
3010
1663
3356
4308
3046
2584
2855
2544
2970
3070
4253
4333
3136
4262
3867
3797
3486
3486
4493
3897
2780
3311
4568
3852
2800
2965
2735
3006
3005
3161
3070
3596
3737
2810
3741
2173
1988
2009
1222
2053
1688
1518
1763
1888
1848
621
1442
1618
2665
1668
1693
1257
1252
1758
390
2064
1242
2093
2038
1853
1332
2299
2971
3065
4403
3802
3126
3075
4483
4523
3290
4458
3772
4488
4448
4468
3847
3837
3556
3196
3496
3496
2344
1237
1953
2093
1668
2099
927
2008
3817
3957
656
4533
3461
3717
4473
3346
3556
2720
3356
4478
4503
4513
871
3636
3957
4543
4518
4478
4518
3446
876
4463
2835
2023
3611
4528
2815
2585
4278
3917
3376
3371
3451
3416
2730
3692
3481
3471
921
4513
4538
3426
3717
3521
4498
3857
3922
4503
4548
3426
3441
3456
1788
3596
4468
2094
3722
4503
4508
3832
3922
2495
3607
2199
4518
3892
4533
4523
4528
4528
4268
3521
1863
1547
2594
1913
2414
3727
3446
315
3652
3857
4513
1247
3887
3962
2840
3366
4503
4503
3837
3812
3757
3887
4553
3642
4493
3862
3762
4483
3181
4488
4478
4543
4543
3927
4533
4543
3842
3892
4538
4528
1262
1788
1733
2900
952
3857
4488
4493
4518
4533
4388
4538
4553
4518
3541
4503
3817
4538
3221
3772
4473
4523
3847
3481
425
4448
1963
3802
2555
3837
3702
4423
4488
861
1267
3572
4513
2685
4518
1242
2895
2004
2008
4483
4523
4488
866
4513
4498
1292
3727
1983
4508
3581
3817
921
4498
4473
4528
3521
2154
3802
4518
4523
4523
4583
4533
2554
3847
4513
4503
2945
3782
4543
1808
2173
541
1252
2058
2003
1232
631
2068
1638
1277
1698
1457
2053
1888
1232
1357
1232
2078
1678
1998
1573
1888
2074
2870
2189
3296
3055
1538
2184
2409
1863
1938
2074
1533
2074
1623
1899
2073
1247
2074
1267
2073
2063
145
1467
320
1993
2074
1352
1873
1668
1242
1307
2063
2063
310
1938
2124
2068
1563
2069
2054
2073
796
350
2043
1257
1878
2053
1919
1728
1372
1442
1948
2089
2048
1623
2063
1242
2084
976
2093
1227
2058
2069
2024
2083
1408
1903
2079
1698
2048
2064
1608
1382
1903
441
300
2079
1969
1808
2014
1833
1748
2054
1738
1648
1808
1542
2079
1723
3501
1212
1573
2108
2114
1247
2073
1813
1663
2054
1718
1583
2079
2064
1528
2078
2068
1247
1478
1978
2078
290
1262
2088
1923
2049
1322
1683
3196
2069
2079
2099
1232
1472
1994
1748
2084
1838
326
2074
2038
1903
2069
1934
1848
2039
1267
1919
2053
2124
276
2329
1242
1442
2064
3075
1417
350
2048
1939
1342
1202
2068
350
1838
2590
2063
1537
1552
316
2063
1888
2049
2083
1618
2084
1723
1242
2053
1338
1863
1858
1232
2094
1648
80
2063
1984
485
1613
1513
2069
2063
1938
2089
1788
1297
1593
1813
1532
766
1598
2084
2078
2074
1362
1668
1793
1548
1407
1513
2054
2159
1332
2074
2104
1978
2099
1513
1553
1317
2084
1578
1613
3050
2930
3086
2720
3441
1953
2039
1828
375
811
1397
2074
1487
1873
2079
1708
2084
2018
2089
1633
1698
1933
2164
2088
566
2204
2059
1648
1803
1818
1928
2048
2064
1878
275
2059
2069
2249
1983
2068
2630
3386
205
1568
3431
2319
1437
1603
2945
2059
1758
1142
1853
2013
2364
75
2068
1893
1853
2064
180
2154
1778
2084
2069
2113
1728
2079
2074
2064
2069
1543
2720
2444
1748
1237
2259
2058
1813
1693
1523
1713
2084
1708
1848
1542
2063
1853
2069
3145
3150
1167
1788
1618
2094
2058
1803
1688
1798
2073
1813
200
1413
2068
1683
601
2058
3506
2064
1578
1708
2064
2063
1237
1492
1673
2068
2008
2083
130
2073
1733
2249
2089
1889
2309
2069
1577
1307
2054
1708
180
1894
2079
877
2089
1142
2064
2084
1963
2104
2058
666
2138
2049
2069
2098
2053
1918
2053
2069
2074
2244
2058
1813
1948
2058
1964
2014
2069
2304
2635
2790
2850
2550
2314
2259
2089
1818
1432
2073
1783
376
1432
2073
2294
2053
2063
2074
2094
2068
2078
305
1593
1367
1958
2073
2074
1287
2068
2013
65
1803
80
1823
2094
1828
1859
2023
1783
2073
1928
1623
596
3757
2059
1893
1407
1973
1783
3481
2524
1257
2063
1317
3547
1357
2073
1913
1643
2083
2559
1848
3456
3040
2915
220
2915
4478
2630
2399
2615
3477
4553
4533
846
3907
3867
3331
2038
1808
1773
1262
1883
1272
1803
1262
1788
1718
2064
1252
1994
1573
1477
1648
1252
1783
2079
430
1923
2068
1863
2059
1262
2044
315
1347
1232
1963
1413
2094
375
471
1402
1247
1242
2069
2074
2048
1768
310
2089
1618
1517
1918
2054
2083
1493
2069
105
1227
1718
1342
2073
1668
2068
1537
2099
2063
1803
1693
2364
1773
1608
105
375
1683
301
1743
2074
1277
2049
2068
2094
2078
1272
1472
1938
1362
2053
1823
2079
1693
2053
1868
2068
2064
1562
2008
2053
2068
1553
2294
1959
2074
1959
1623
1768
1874
1683
1733
280
345
2059
2054
1613
2064
1568
1598
1793
3506
3882
2049
2068
1943
1412
330
2094
1523
1528
1648
2088
1633
1683
2074
1913
2064
2084
636
2084
1923
2099
1588
641
1853
2064
2023
2069
2069
2194
1478
1593
1132
1648
1302
2049
1903
1623
2069
2088
1648
1563
1242
1457
2033
1768
2064
1232
2063
1973
175
1588
2058
1457
1733
1703
1603
1593
2074
1974
1978
1237
2004
105
170
1718
1738
2013
1483
3105
2124
2078
1933
1262
2069
2059
1482
2058
1628
1703
2059
2083
1918
1598
1873
1833
2003
295
2089
1843
3416
1242
1778
1683
1327
1593
2078
1127
2064
2073
2074
2069
731
1588
1257
1768
2068
1964
295
2098
2068
1853
2094
1893
1763
2079
1718
2955
1778
1718
2069
2079
1342
1633
2154
2079
1773
1908
1122
1653
1212
1838
1853
1607
2059
1322
2054
2073
2069
1843
3471
1608
2084
1693
601
2519
2069
1583
2094
1533
1828
2073
1668
2419
2058
2029
1603
2074
1763
1543
2044
1888
1728
906
2058
2059
2079
1793
1883
2068
1859
2008
340
1678
1748
155
1222
1527
305
1773
230
2058
1512
1698
2084
1463
1673
2063
2063
2063
1192
1713
1743
140
1743
1688
1833
2069
2244
360
1097
1803
2059
2068
4273
3040
2659
2625
3777
1823
2029
1217
1227
1232
1583
2089
1803
2034
2113
165
1738
1693
2064
1422
205
2129
145
1858
1382
1408
1653
2029
1903
2064
1573
1793
1698
1537
2073
1868
1498
2088
1593
1783
1803
1608
1758
2063
2069
1207
2063
2074
1943
2008
1748
2108
2088
1868
1668
1673
2124
1828
2074
2059
2004
2054
916
1217
1743
2164
3797
3767
3852
3381
2920
3887
4538
3992
4513
3722
1908
3516
4503
1392
641
4553
4583
4178
3897
3311
4488
4508
3922
4493
3787
4508
4498
3947
3867
3922
3877
3922
4538
3907
3556
4498
886
2585
1623
1618
1994
1808
4503
4578
3807
3476
1843
2078
1793
3121
3015
2690
3306
3872
2565
2149
2048
2063
481
2074
1868
1898
2073
2985
4193
2915
2088
3015
3025
2961
1753
1983
2063
1247
1878
2054
1663
1257
110
1437
1698
2073
1969
2058
2049
2955
3020
1944
1608
1583
2073
2063
2048
1442
496
2054
1663
1803
1718
2504
871
2023
2083
1783
1783
1578
2069
1994
2049
2058
4423
3581
1898
2053
1232
1523
2064
2069
1157
2069
2084
1282
1863
1603
2063
2029
2875
330
3246
1793
1513
2079
2083
2073
2064
2073
2084
1673
1452
130
1828
1377
1202
1943
2104
1999
1663
2054
1979
2053
1828
1793
1963
280
2053
1302
366
2099
2068
1588
1658
1623
1793
1723
2079
2023
3742
2074
2074
2009
2289
1613
1638
1583
2094
1538
2074
2084
1232
1899
2069
1748
2169
2074
2214
1758
2064
235
2074
355
1457
2039
2795
1813
1583
911
365
1808
1638
1703
1107
1403
2064
1327
2084
1798
2058
1613
1292
1262
2068
967
1367
2164
485
2064
2074
1628
2064
1633
1217
2068
1493
2069
871
1548
1743
2083
1863
2009
621
1467
2078
2048
1648
1067
1738
1247
1868
1818
2073
1643
2058
2058
2028
3261
2068
1648
2089
1612
2054
1993
1698
2058
1578
471
2074
2068
1618
2084
1708
2053
1738
2068
2079
2068
1758
2089
2685
1793
90
2073
2064
1939
2078
1553
2204
1638
1893
1988
2068
626
2068
1798
1553
1588
1853
1437
2074
2074
2069
1758
1242
1142
1958
1638
2068
2069
2079
2083
1317
2064
1813
1538
2063
1297
1357
1477
366
1242
1633
2084
1422
330
2108
1403
2074
1247
1292
912
2019
2078
1893
1738
2029
1958
2069
1743
1628
1257
1212
1773
2455
2509
4428
3686
3907
4488
3491
1938
1838
2229
2063
2630
2068
2083
2064
3601
3887
4473
2078
1863
325
2059
2049
1242
1522
2089
3055
3546
3180
3071
3356
2725
932
4238
3251
4233
2775
1873
1848
3241
2860
3010
2700
4659
3101
2970
2840
3061
2069
2154
3010
3256
3000
2274
2064
3291
666
3140
952
3391
1407
4438
4448
3602
2043
4488
4538
3591
2229
2714
2088
2073
2068
2053
2069
2079
2084
185
4232
2640
4468
4273
3491
3296
3471
3461
1262
1979
4017
3497
1753
3922
3576
3612
4293
3441
1282
3797
4503
3366
4518
3496
3376
866
4438
4483
3997
3942
2700
1833
2024
2094
1518
1828
1698
1442
75
2059
1247
2068
2079
2083
1232
2053
2069
1743
1783
2003
1277
2078
2069
876
2064
2043
2073
195
656
3195
2099
2064
1563
2099
2079
1342
1708
2068
1302
1618
1683
180
2054
1773
1473
1277
235
1322
1337
1878
2594
2068
2069
2084
1417
2058
2044
1237
1442
1958
2069
2063
2089
1818
2069
2093
3767
1993
1808
1788
2074
2650
2149
1914
1943
1828
1658
1808
1963
1578
2079
311
1838
2058
1668
2204
2073
3161
2084
2043
2063
1748
1968
1988
2069
1858
2029
1598
1903
1843
1643
1362
1773
1347
475
2088
2078
1738
1653
1252
1402
1738
1237
1232
2079
315
85
1788
2084
2048
2048
2084
2434
2058
1798
1433
1403
1994
2044
1563
1668
2614
2014
1242
2089
2073
1587
2068
2003
2013
2073
2083
2074
2545
2079
2073
2063
1999
1853
1968
1397
1427
2069
2064
1558
1944
2069
2089
2073
1888
1487
2064
135
1593
310
1493
1828
2054
1678
1407
1502
1974
2074
1292
1998
1382
2063
2950
2063
2069
2089
1532
2549
2084
325
2670
2068
641
2094
1728
1387
1623
1933
1197
2088
1242
1848
1582
305
2088
1572
1563
1843
1407
1673
1893
1873
1693
1598
1598
1553
2103
125
2088
2074
1873
1598
2098
2048
1482
1848
2094
2074
2079
1568
2083
1638
1863
2054
2093
3181
465
1312
1112
1257
1803
2064
1718
2104
2069
1958
2024
1768
2093
1262
2008
2074
1973
1808
1889
1618
125
1998
2068
1678
2059
1257
1658
1492
2069
1703
2049
1678
2078
1878
1322
1618
2053
1653
2064
1508
1948
1127
1132
1668
1838
1914
1903
1783
2079
2084
2078
2059
1643
1848
1608
2063
1838
1969
2058
1693
2103
1838
1623
1557
2079
1913
2068
1753
1648
1883
1412
160
2058
2059
1988
305
1597
2068
1588
2084
2073
1668
1973
2069
365
2083
2344
1242
1408
1748
1718
2003
1257
1192
1212
1563
1342
2074
1788
1577
2014
1653
1663
2069
2083
1713
1863
2079
1793
1798
1628
1763
406
2058
1708
2083
255
2174
2074
3471
3381
3832
4468
3827
3311
3892
195
4533
3742
4568
3822
4498
3421
2069
3061
2069
2094
2068
1693
1463
1828
2053
1843
325
1853
1202
2064
1482
2054
1507
2083
1738
105
2063
1788
2064
2074
1818
2074
2063
2059
2043
1998
1888
2104
2034
2069
2539
1723
2069
1758
2059
2063
2079
1643
185
1502
145
2078
1748
716
2099
1883
1798
1538
2039
1758
2008
1613
1753
1112
2073
2099
1588
2094
2068
2038
1803
1828
2079
1287
1723
2083
2073
1783
1267
1658
1758
2008
2059
1733
1954
2068
1613
2038
2059
2079
2079
1928
2069
1537
1227
2064
2069
2068
2424
1688
2079
2064
2073
2179
1628
2068
1628
1858
1933
1417
1648
1838
2179
2309
2098
2500
2024
1888
2103
2079
2079
2084
2044
3501
2074
1843
2034
2074
2074
2074
1733
2319
3682
1853
1843
2064
2069
1382
2434
1187
646
2079
1597
1382
2064
2069
1402
1578
2074
2073
1738
2094
2078
300
1888
2053
1698
1678
335
2074
1924
1994
1733
2044
2158
2078
1242
1552
1347
2194
2083
2069
2084
1448
1688
1387
1423
1382
1362
2049
1688
1728
1588
1793
1463
2059
1763
1788
1983
1988
2013
1658
1638
2074
1828
2184
2054
1558
1758
2068
2028
2054
2073
2064
1347
691
305
1868
1367
2054
2154
1172
2068
2089
2088
1297
1377
2063
1808
1683
661
2079
1312
641
1823
2269
1467
1648
1648
2068
2054
2059
2069
1708
1643
2089
2049
1788
2053
2074
1413
1783
1337
1728
1838
2064
2068
2029
771
2064
2064
2084
3056
1833
2069
2078
1843
1242
1758
2079
2053
2044
120
1502
2084
2043
1307
1673
2043
1763
1703
1292
1648
1327
1673
2073
1488
1302
386
2074
636
1227
1453
2074
2279
1998
2074
2064
2084
1222
1553
661
2064
2054
1212
1953
1828
3491
2074
1828
2069
1332
1277
1703
1843
1623
125
2084
2058
1908
1973
1839
631
1357
2079
2074
1658
1428
2104
2083
2870
1447
1483
1413
2058
1623
1633
1798
2063
1407
1923
1818
2064
1798
1352
2063
666
325
2064
2444
3121
2735
2063
1723
2039
2564
2364
1983
2073
3241
4283
2078
3782
3702
2204
2219
1723
2705
3922
3572
2078
2079
1623
2064
1773
2980
3511
3511
3726
3491
3456
876
4463
4513
3151
1958
2084
2620
2610
2955
1242
170
1513
1783
2073
2569
1898
1758
2064
2004
3481
2089
2068
1558
1332
1853
2059
1888
2074
1508
1693
2064
2074
2630
3366
1572
1798
1327
2063
1888
2079
2424
2068
1628
376
1643
1232
2084
2063
1873
375
1808
1938
2073
1808
2044
1798
1858
1442
2074
1658
2029
1031
2079
1828
1768
1617
1783
2790
300
1823
65
2068
1663
1247
1898
1758
1843
2089
286
305
2059
2084
1583
1833
1553
1778
2028
305
1112
1648
2034
1638
1652
866
1803
1753
812
2063
1247
370
1813
2059
2079
2074
1307
2059
1683
1567
1297
1437
80
1403
2068
1497
2064
1538
1868
2044
3737
2024
2074
1808
2084
1963
1868
1763
1988
2073
1883
646
2099
2069
2074
2088
2094
2043
646
1778
1367
1878
1928
1858
2289
2710
1618
2059
1788
1357
1412
1282
1713
2064
2099
2064
1803
1763
1989
2039
1407
1743
1312
1923
295
2079
2068
2479
2063
2029
1573
1302
1222
1868
1272
1317
2094
2079
2059
2164
2074
2074
1793
2059
1828
2049
2059
1648
1758
1908
2069
1097
2059
1572
1728
2093
1933
1708
1618
2078
2009
1608
1638
2074
1332
1552
1763
1908
2069
2063
1698
3431
2074
456
2084
2088
185
2264
721
2054
661
2073
2068
1708
1798
2224
1878
2043
2073
1297
2048
1768
2069
295
1472
1392
1873
1512
2089
2033
2063
2069
2119
1718
110
1928
1763
1773
1598
1453
2064
1743
1603
1873
2089
310
2064
1643
2063
2058
1783
1818
130
2269
1963
2073
2068
2079
2088
1833
290
2074
1738
766
3186
3231
2600
1943
2024
1918
1943
1618
1868
2044
1698
2259
315
2074
2079
1653
2048
2058
105
2224
1292
1688
1623
2054
1467
1152
2068
1908
1623
1818
1823
1964
1708
2084
2034
1803
1287
1853
2129
2018
1252
1718
2069
2084
195
2068
1673
1538
2068
2009
3381
2755
2089
2134
1863
2069
1683
1668
2053
2073
355
2068
1928
2074
2103
2098
315
2064
2088
1492
1618
2229
2019
1452
1422
135
1342
2073
1993
1257
1863
2069
310
2069
2089
130
2063
2058
1788
2079
426
2429
2996
3020
2074
1252
460
2069
2053
2084
2079
2059
1788
1913
1813
325
2079
2078
1898
2058
1518
1928
1683
2069
2635
1588
2063
1788
2063
1938
1628
1763
2089
1913
500
2059
1923
1753
320
1813
2074
2023
2068
1818
2068
3807
2144
406
2129
2059
2044
300
2059
1973
1528
601
1467
75
1728
1938
2054
1553
2068
1262
3126
2149
2053
4448
896
3466
4448
1528
2064
3862
3381
210
2089
4468
4468
3712
3170
3446
4453
3767
3812
4047
5219
4423
3707
3496
4363
3196
3271
2058
1538
1247
2044
1623
2058
1462
2069
1778
1883
1898
1257
1958
2059
1508
1658
2063
1578
2049
1648
2068
1448
1863
1252
2009
2064
2069
1938
2079
80
2208
1483
1468
1402
305
1543
1618
1257
2028
1673
2059
1888
2078
1854
2068
1097
2053
1247
311
2064
1377
2038
1523
1528
310
1843
2069
1883
1758
2073
1693
2063
2074
2014
2059
70
2069
2073
135
1543
1708
1217
2013
1958
2044
2054
1097
2069
3065
4448
3291
3411
3406
646
1633
2129
2825
3547
3541
3787
4513
3722
3136
3731
4268
3757
4488
4498
3712
4513
3090
3877
4248
1939
2079
1448
1968
2078
306
1878
1753
2073
3602
1753
1618
1853
1693
1322
2094
1628
1798
1898
1633
2063
120
3516
1487
2073
1994
1818
1573
1247
2079
2058
2063
1813
1959
1813
1217
1588
1347
1768
2093
2069
2073
430
1257
2074
3085
3065
3020
2419
3120
3045
686
2038
1508
1237
2068
631
1257
1818
1553
3742
3817
4032
3481
1227
3441
3451
3787
3777
3110
3100
2700
3511
4493
3807
3511
1928
2059
2043
1613
2059
2068
1257
1573
150
2058
2048
2064
1653
1247
1397
1177
2079
1698
1848
1763
1828
2069
2073
2068
1377
2094
1272
1873
1863
1688
1823
1773
1678
1653
1968
2064
300
1773
1668
2093
2074
1537
2068
1553
1588
1488
2890
1994
2329
1838
1242
1242
2059
2064
2063
1963
1988
1072
2088
1388
2074
1653
1638
1658
1232
311
2074
2464
3642
1738
1567
1833
486
1618
2053
1713
2048
1723
135
2068
2049
2063
2069
290
2073
2043
2048
1192
1242
1678
1658
1718
1778
1382
1147
1392
2073
2004
2885
3236
2865
3436
1583
1753
2073
2069
2274
2074
2068
2079
1868
2099
1573
1968
1758
1773
2109
1983
1603
2104
2069
1517
1467
1543
1272
2064
2574
3030
3161
2059
2083
1548
1638
1247
1262
2068
2074
2104
1593
2068
2049
2063
2079
1848
2064
1923
631
2089
1898
2068
2094
1513
1272
1763
2048
2053
2093
1693
2063
1402
2053
671
2058
2063
2073
2059
2069
2063
2058
1723
606
1703
2354
2204
2690
2084
1302
2059
2078
2054
2053
1863
2028
2059
2234
3376
2073
1688
2043
2064
2053
2084
2053
1743
2064
1653
2003
2009
2083
1839
2084
2058
1272
2074
1648
1683
2084
1613
370
2324
1949
1898
3321
1923
2033
1818
2063
2064
2064
2079
2224
2073
1653
2083
2079
2069
2078
2244
3071
596
1778
2079
1843
2078
2069
2073
1728
2068
1963
2048
1357
1803
2054
1968
2059
2063
115
1768
1327
1763
1643
1623
2064
902
2124
2064
2068
1568
2078
2049
1858
731
2054
446
2073
661
2073
1894
746
2049
1658
2780
3496
3817
3562
3101
3521
4418
4398
2429
1843
2269
3817
2489
3692
3792
3511
4518
2760
4473
3130
3767
3111
3045
3091
3116
1828
1227
2605
3166
4368
1423
4608
1998
2059
1738
2004
3486
3126
2078
2064
2064
2073
1768
2079
2039
3000
2074
1783
2069
1643
1713
1262
2064
1928
1438
1703
1863
3326
2058
1583
1432
1803
1818
1863
2063
1733
2059
2044
2073
2079
1838
946
2063
2059
1227
1568
1803
2064
2184
2054
1673
2073
2069
2184
2048
1523
1252
2078
1477
1557
1959
2064
1838
1838
2089
1623
2079
1918
2079
2093
1302
1743
2064
1713
1417
1763
1723
1673
1623
1688
1332
2064
1888
3737
1938
1778
1953
1688
1367
1758
2084
2740
1428
1197
1332
1658
2064
1943
2088
2079
2058
1332
105
1983
2069
1963
1237
1853
2078
1492
1582
2069
2074
2043
2068
1593
1853
2089
2083
2514
1828
2084
1838
1783
1237
2078
1247
1978
3531
426
1608
1738
1678
2079
1783
2099
1578
2074
1668
1728
1152
1959
3642
2068
2054
1518
2129
2063
2064
1417
1557
1663
2064
1778
2079
1738
2078
2069
1833
1472
1713
2073
2069
100
3286
1257
1778
1788
2073
2069
2439
2063
2084
1523
2088
2023
1788
1092
1873
2069
2068
1257
2083
2329
2079
1683
2048
1803
1668
2099
2073
1863
2058
1753
2063
1823
2064
1999
2058
2004
1763
2069
1898
2174
2068
1913
1763
3431
2138
2069
2083
1803
2059
1492
1728
1813
2064
2459
1663
2073
1533
1793
1953
1663
1858
2079
1723
1237
1603
1322
1297
1623
2073
1087
2094
2088
1348
2093
3782
3867
3662
2063
175
2058
2063
1993
1332
776
1683
2053
1984
2089
1668
2109
421
2053
2054
1337
1618
2064
2073
1583
1247
2088
2073
1873
1973
971
1011
2069
1618
1979
1738
1257
2069
1242
2074
2068
2079
2249
140
1658
1653
1096
1843
2068
1808
1182
1292
1337
2094
2083
1472
1277
2083
1943
2064
2059
1663
2088
1568
1613
2089
310
2064
2073
2023
2044
2054
2063
1728
1698
2063
2058
2043
1853
2054
3606
3205
4243
3967
4493
4453
3476
3987
3746
3832
3536
1217
2053
1227
3882
2830
3010
2925
1287
391
3356
4488
4123
3546
3115
3110
3847
1883
3476
2069
2610
1773
4168
3757
4513
2179
4418
2334
1588
3446
3000
4513
3797
3426
3602
891
3586
3807
3787
4518
3161
4543
1167
656
4498
3787
4113
4523
4468
4418
2945
4458
2189
3436
1232
115
1528
2068
1893
2089
2084
2088
2074
1773
2074
1873
1433
1883
2093
3191
4518
4257
4543
926
4503
3837
4543
4318
4328
3301
3271
3166
3516
3862
4057
1673
1818
1242
1232
2073
371
1833
1688
1222
1377
315
2053
1793
200
1988
1898
305
1663
2063
2069
1247
180
1793
2094
1818
2039
2059
2034
1262
1718
2073
1773
1823
2114
1587
1793
1257
1668
1447
2073
2064
2079
2088
1658
2064
2048
1422
2058
1828
2013
2103
2094
1973
2078
2079
1548
1262
2084
1768
1929
2053
306
2073
2074
1698
1212
1678
270
2048
1793
1633
1538
1177
1452
1653
2058
2063
2063
1563
1402
1347
1312
1377
1928
2058
1658
1858
461
3461
1943
3511
4473
1252
2099
1988
1843
3446
3346
3591
2459
4498
3552
175
2324
3632
3536
3486
4508
4508
3907
3587
3807
3907
1277
2073
3762
1247
3717
4498
4503
4523
4062
3496
3822
2500
3521
4518
3852
3536
4488
3872
3596
3882
3812
4538
4528
4538
4558
4568
4578
3927
3556
3611
4533
4533
4533
3336
4488
3616
3571
2104
3576
3291
4513
3877
4488
3090
3511
2219
3792
4483
2985
3942
1868
280
2083
2088
1172
2079
1663
1297
2053
2079
2244
3481
3146
1958
3882
3055
2339
4263
3160
2204
1848
2595
3501
3311
4503
4493
3581
906
3827
4468
3872
4513
3426
3451
4498
4473
3431
4498
4498
3717
2715
3501
3737
3737
3702
4458
3772
4488
4463
3446
3481
2820
1953
1753
1247
2068
1247
2069
1718
2078
556
4413
1247
1813
1292
125
3015
2454
381
3676
3561
3486
3512
1262
4523
3802
891
4543
3486
4548
4538
4152
2740
851
3732
3466
1423
1683
3591
1979
3386
4513
2785
3812
2064
981
3521
1222
2149
3917
3571
3822
2184
336
4453
3471
1698
3872
4478
3506
3867
1778
1072
4493
3030
4303
3231
2069
